###    1  2  3  4  5  6  7  8  9 10   11 12 13 14 15 16 17 18 19 20   21 22 23 24 25 26 27 28 29 30   31 32 33 34 35 36 37 38 39 40   
###   41 42 43 44 45 46 47 48 49 50   51 52 53 54 55 56 57 58 59 60   61 62 63 64 65 66 67 68 69 70   71 72 73 74 75 76 77 78 79 80   
  1a  15 15 15 15 15 15 15 15 15 15   15 15 15 15 15 15 15 15 15 15   15 15 15 15 15 15 15 15 15 15   15 15 15 15 15 15 15 15 15 15   
  1b  15 15 15 15 15 15 15 15 15 15   15 15 15 15 15 15 15 15 15 15   15 15 15 15 15 15 15 15 15 15   15 15 15 15 15 15 15 15 15 15   
  2a  15 15 15 15 15 15 15 15 15 15   15 15 15 15 15 15 15 15 15 15   15 15 15 15 15 15 15 15 15 15   15 15 15 15 15 15 15 15 15 15   
  2b  15 15 15 15 15 15 15 15 15 15   15 15 15 15 15 15 15 15 15 15   15 15 15 15 15 15 15 15 15 15   15 15 15 15 15 15 15 15 15 15   
  3a  15 15 15 15 15 15 15 15 15 15   15 15 15 15 15 15 15 15 15 15   15 15 15 15 15 15 15 15 15 15   15 15 15 15 15 15 15 15 15 15   
  3b  15 15 15 15 15 15 15 15 15 15   15 15 15 15 15 15 15 15 15 15   15 15 15 15 15 15 15 15 15 15   15 15 15 15 15 15 15 15 15 15   
  4a  15 15 15 15 15 15 15 15 15 15   15 15 15 15 15 15 15 15 15 15   15 15 15 15 15 15 15 15 15 15   15 15 15 15 15 15 15 15 15 15   
  4b  15 15 15 15 15 15 15 15 15 15   15 15 15 15 15 15 15 15 15 15   15 15 15 15 15 15 15 15 15 15   15 15 15 15 15 15 15 15 15 15   
  5a  15 15 15 15 15 15 15 15 15 15   15 15 15 15 15 15 15 15 15 15   15 15 15 15 15 15 15 15 15 15   15 15 15 15 15 15 15 15 15 15   
  5b  15 15 15 15 15 15 15 15 15 15   15 15 15 15 15 15 15 15 15 15   15 15 15 15 15 15 15 15 15 15   15 15 15 15 15 15 15 15 15 15   
  6a  15 15 15 15 15 15 15 15 15 15   15 15 15 15 15 15 15 15 15 15   15 15 15 15 15 15 15 15 15 15   15 15 15 15 15 15 15 15 15 15   
  6b  15 15 15 15 15 15 15 15 15 15   15 15 15 15 15 15 15 15 15 15   15 15 15 15 15 15 15 15 15 15   15 15 15 15 15 15 15 15 15 15   
  7a  15 15 15 15 15 15 15 15 15 15   15 15 15 15 15 15 15 15 15 15   15 15 15 15 15 15 15 15 15 15   15 15 15 15 15 15 15 15 15 15   
  7b  15 15 15 15 15 15 15 15 15 15   15 15 15 15 15 15 15 15 15 15   15 15 15 15 15 15 15 15 15 15   15 15 15 15 15 15 15 15 15 15   
  8a  15 15 15 15 15 15 15 15 15 15   15 15 15 15 15 15 15 15 15 15   15 15 15 15 15 15 15 15 15 15   15 15 15 15 15 15 15 15 15 15   
  8b  15 15 15 15 15 15 15 15 15 15   15 15 15 15 15 15 15 15 15 15   15 15 15 15 15 15 15 15 15 15   15 15 15 15 15 15 15 15 15 15   
  9a  15 15 15 15 15 15 15 15 15 15   15 15 15 15 15 15 15 15 15 15   15 15 15 15 15 15 15 15 15 15   15 15 15 15 15 15 15 15 15 15   
  9b  15 15 15 15 15 15 15 15 15 15   15 15 15 15 15 15 15 15 15 15   15 15 15 15 15 15 15 15 15 15   15 15 15 15 15 15 15 15 15 15   
 10a  15 15 15 15 15 15 15 15 15 15   15 15 15 15 15 15 15 15 15 15   15 15 15 15 15 15 15 15 15 15   15 15 15 15 15 15 15 15 15 15   
 10b  15 15 15 15 15 15 15 15 15 15   15 15 15 15 15 15 15 15 15 15   15 15 15 15 15 15 15 15 15 15   15 15 15 15 15 15 15 15 15 15   
 11a  15 15 15 15 15 15 15 15 15 15   15 15 15 15 15 15 15 15 15 15   15 15 15 15 15 15 15 15 15 15   15 15 15 15 15 15 15 15 15 15   
 11b  15 15 15 15 15 15 15 15 15 15   15 15 15 15 15 15 15 15 15 15   15 15 15 15 15 15 15 15 15 15   15 15 15 15 15 15 15 15 15 15   
 12a  15 15 15 15 15 15 15 15 15 15   15 15 15 15 15 15 15 15 15 15   15 15 15 15 15 15 15 15 15 15   15 15 15 15 15 15 15 15 15 15   
 12b  15 15 15 15 15 15 15 15 15 15   15 15 15 15 15 15 15 15 15 15   15 15 15 15 15 15 15 15 15 15   15 15 15 15 15 15 15 15 15 15   
 13a  15 15 15 15 15 15 15 15 15 15   15 15 15 15 15 15 15 15 15 15   15 15 15 15 15 15 15 15 15 15   15 15 15 15 15 15 15 15 15 15   
 13b  15 15 15 15 15 15 15 15 15 15   15 15 15 15 15 15 15 15 15 15   15 15 15 15 15 15 15 15 15 15   15 15 15 15 15 15 15 15 15 15   
 14a  15 15 15 15 15 15 15 15 15 15   15 15 15 15 15 15 15 15 15 15   15 15 15 15 15 15 15 15 15 15   15 15 15 15 15 15 15 15 15 15   
 14b  15 15 15 15 15 15 15 15 15 15   15 15 15 15 15 15 15 15 15 15   15 15 15 15 15 15 15 15 15 15   15 15 15 15 15 15 15 15 15 15   
 15a  15 15 15 15 15 15 15 15 15 15   15 15 15 15 15 15 15 15 15 15   15 15 15 15 15 15 15 15 15 15   15 15 15 15 15 15 15 15 15 15   
 15b  15 15 15 15 15 15 15 15 15 15   15 15 15 15 15 15 15 15 15 15   15 15 15 15 15 15 15 15 15 15   15 15 15 15 15 15 15 15 15 15   
 16a  15 15 15 15 15 15 15 15 15 15   15 15 15 15 15 15 15 15 15 15   15 15 15 15 15 15 15 15 15 15   15 15 15 15 15 15 15 15 15 15   
 16b  15 15 15 15 15 15 15 15 15 15   15 15 15 15 15 15 15 15 15 15   15 15 15 15 15 15 15 15 15 15   15 15 15 15 15 15 15 15 15 15   
 17a  15 15 15 15 15 15 15 15 15 15   15 15 15 15 15 15 15 15 15 15   15 15 15 15 15 15 15 15 15 15   15 15 15 15 15 15 15 15 15 15   
 17b  15 15 15 15 15 15 15 15 15 15   15 15 15 15 15 15 15 15 15 15   15 15 15 15 15 15 15 15 15 15   15 15 15 15 15 15 15 15 15 15   
 18a  15 15 15 15 15 15 15 15 15 15   15 15 15 15 15 15 15 15 15 15   15 15 15 15 15 15 15 15 15 15   15 15 15 15 15 15 15 15 15 15   
 18b  15 15 15 15 15 15 15 15 15 15   15 15 15 15 15 15 15 15 15 15   15 15 15 15 15 15 15 15 15 15   15 15 15 15 15 15 15 15 15 15   
 19a  15 15 15 15 15 15 15 15 15 15   15 15 15 15 15 15 15 15 15 15   15 15 15 15 15 15 15 15 15 15   15 15 15 15 15 15 15 15 15 15   
 19b  15 15 15 15 15 15 15 15 15 15   15 15 15 15 15 15 15 15 15 15   15 15 15 15 15 15 15 15 15 15   15 15 15 15 15 15 15 15 15 15   
 20a  15 15 15 15 15 15 15 15 15 15   15 15 15 15 15 15 15 15 15 15   15 15 15 15 15 15 15 15 15 15   15 15 15 15 15 15 15 15 15 15   
 20b  15 15 15 15 15 15 15 15 15 15   15 15 15 15 15 15 15 15 15 15   15 15 15 15 15 15 15 15 15 15   15 15 15 15 15 15 15 15 15 15   
 21a  15 15 15 15 15 15 15 15 15 15   15 15 15 15 15 15 15 15 15 15   15 15 15 15 15 15 15 15 15 15   15 15 15 15 15 15 15 15 15 15   
 21b  15 15 15 15 15 15 15 15 15 15   15 15 15 15 15 15 15 15 15 15   15 15 15 15 15 15 15 15 15 15   15 15 15 15 15 15 15 15 15 15   
 22a  15 15 15 15 15 15 15 15 15 15   15 15 15 15 15 15 15 15 15 15   15 15 15 15 15 15 15 15 15 15   15 15 15 15 15 15 15 15 15 15   
 22b  15 15 15 15 15 15 15 15 15 15   15 15 15 15 15 15 15 15 15 15   15 15 15 15 15 15 15 15 15 15   15 15 15 15 15 15 15 15 15 15   
 23a  15 15 15 15 15 15 15 15 15 15   15 15 15 15 15 15 15 15 15 15   15 15 15 15 15 15 15 15 15 15   15 15 15 15 15 15 15 15 15 15   
 23b  15 15 15 15 15 15 15 15 15 15   15 15 15 15 15 15 15 15 15 15   15 15 15 15 15 15 15 15 15 15   15 15 15 15 15 15 15 15 15 15   
 24a  15 15 15 15 15 15 15 15 15 15   15 15 15 15 15 15 15 15 15 15   15 15 15 15 15 15 15 15 15 15   15 15 15 15 15 15 15 15 15 15   
 24b  15 15 15 15 15 15 15 15 15 15   15 15 15 15 15 15 15 15 15 15   15 15 15 15 15 15 15 15 15 15   15 15 15 15 15 15 15 15 15 15   
 25a  15 15 15 15 15 15 15 15 15 15   15 15 15 15 15 15 15 15 15 15   15 15 15 15 15 15 15 15 15 15   15 15 15 15 15 15 15 15 15 15   
 25b  15 15 15 15 15 15 15 15 15 15   15 15 15 15 15 15 15 15 15 15   15 15 15 15 15 15 15 15 15 15   15 15 15 15 15 15 15 15 15 15   
 26a  15 15 15 15 15 15 15 15 15 15   15 15 15 15 15 15 15 15 15 15   15 15 15 15 15 15 15 15 15 15   15 15 15 15 15 15 15 15 15 15   
 26b  15 15 15 15 15 15 15 15 15 15   15 15 15 15 15 15 15 15 15 15   15 15 15 15 15 15 15 15 15 15   15 15 15 15 15 15 15 15 15 15   
 27a  15 15 15 15 15 15 15 15 15 15   15 15 15 15 15 15 15 15 15 15   15 15 15 15 15 15 15 15 15 15   15 15 15 15 15 15 15 15 15 15   
 27b  15 15 15 15 15 15 15 15 15 15   15 15 15 15 15 15 15 15 15 15   15 15 15 15 15 15 15 15 15 15   15 15 15 15 15 15 15 15 15 15   
 28a  15 15 15 15 15 15 15 15 15 15   15 15 15 15 15 15 15 15 15 15   15 15 15 15 15 15 15 15 15 15   15 15 15 15 15 15 15 15 15 15   
 28b  15 15 15 15 15 15 15 15 15 15   15 15 15 15 15 15 15 15 15 15   15 15 15 15 15 15 15 15 15 15   15 15 15 15 15 15 15 15 15 15   
 29a  15 15 15 15 15 15 15 15 15 15   15 15 15 15 15 15 15 15 15 15   15 15 15 15 15 15 15 15 15 15   15 15 15 15 15 15 15 15 15 15   
 29b  15 15 15 15 15 15 15 15 15 15   15 15 15 15 15 15 15 15 15 15   15 15 15 15 15 15 15 15 15 15   15 15 15 15 15 15 15 15 15 15   
 30a  15 15 15 15 15 15 15 15 15 15   15 15 15 15 15 15 15 15 15 15   15 15 15 15 15 15 15 15 15 15   15 15 15 15 15 15 15 15 15 15   
 30b  15 15 15 15 15 15 15 15 15 15   15 15 15 15 15 15 15 15 15 15   15 15 15 15 15 15 15 15 15 15   15 15 15 15 15 15 15 15 15 15   
 31a  15 15 15 15 15 15 15 15 15 15   15 15 15 15 15 15 15 15 15 15   15 15 15 15 15 15 15 15 15 15   15 15 15 15 15 15 15 15 15 15   
 31b  15 15 15 15 15 15 15 15 15 15   15 15 15 15 15 15 15 15 15 15   15 15 15 15 15 15 15 15 15 15   15 15 15 15 15 15 15 15 15 15   
 32a  15 15 15 15 15 15 15 15 15 15   15 15 15 15 15 15 15 15 15 15   15 15 15 15 15 15 15 15 15 15   15 15 15 15 15 15 15 15 15 15   
 32b  15 15 15 15 15 15 15 15 15 15   15 15 15 15 15 15 15 15 15 15   15 15 15 15 15 15 15 15 15 15   15 15 15 15 15 15 15 15 15 15   
 33a  15 15 15 15 15 15 15 15 15 15   15 15 15 15 15 15 15 15 15 15   15 15 15 15 15 15 15 15 15 15   15 15 15 15 15 15 15 15 15 15   
 33b  15 15 15 15 15 15 15 15 15 15   15 15 15 15 15 15 15 15 15 15   15 15 15 15 15 15 15 15 15 15   15 15 15 15 15 15 15 15 15 15   
 34a  15 15 15 15 15 15 15 15 15 15   15 15 15 15 15 15 15 15 15 15   15 15 15 15 15 15 15 15 15 15   15 15 15 15 15 15 15 15 15 15   
 34b  15 15 15 15 15 15 15 15 15 15   15 15 15 15 15 15 15 15 15 15   15 15 15 15 15 15 15 15 15 15   15 15 15 15 15 15 15 15 15 15   
 35a  15 15 15 15 15 15 15 15 15 15   15 15 15 15 15 15 15 15 15 15   15 15 15 15 15 15 15 15 15 15   15 15 15 15 15 15 15 15 15 15   
 35b  15 15 15 15 15 15 15 15 15 15   15 15 15 15 15 15 15 15 15 15   15 15 15 15 15 15 15 15 15 15   15 15 15 15 15 15 15 15 15 15   
 36a  15 15 15 15 15 15 15 15 15 15   15 15 15 15 15 15 15 15 15 15   15 15 15 15 15 15 15 15 15 15   15 15 15 15 15 15 15 15 15 15   
 36b  15 15 15 15 15 15 15 15 15 15   15 15 15 15 15 15 15 15 15 15   15 15 15 15 15 15 15 15 15 15   15 15 15 15 15 15 15 15 15 15   
 37a  15 15 15 15 15 15 15 15 15 15   15 15 15 15 15 15 15 15 15 15   15 15 15 15 15 15 15 15 15 15   15 15 15 15 15 15 15 15 15 15   
 37b  15 15 15 15 15 15 15 15 15 15   15 15 15 15 15 15 15 15 15 15   15 15 15 15 15 15 15 15 15 15   15 15 15 15 15 15 15 15 15 15   
 38a  15 15 15 15 15 15 15 15 15 15   15 15 15 15 15 15 15 15 15 15   15 15 15 15 15 15 15 15 15 15   15 15 15 15 15 15 15 15 15 15   
 38b  15 15 15 15 15 15 15 15 15 15   15 15 15 15 15 15 15 15 15 15   15 15 15 15 15 15 15 15 15 15   15 15 15 15 15 15 15 15 15 15   
 39a  15 15 15 15 15 15 15 15 15 15   15 15 15 15 15 15 15 15 15 15   15 15 15 15 15 15 15 15 15 15   15 15 15 15 15 15 15 15 15 15   
 39b  15 15 15 15 15 15 15 15 15 15   15 15 15 15 15 15 15 15 15 15   15 15 15 15 15 15 15 15 15 15   15 15 15 15 15 15 15 15 15 15   
 40a  15 15 15 15 15 15 15 15 15 15   15 15 15 15 15 15 15 15 15 15   15 15 15 15 15 15 15 15 15 15   15 15 15 15 15 15 15 15 15 15   
 40b  15 15 15 15 15 15 15 15 15 15   15 15 15 15 15 15 15 15 15 15   15 15 15 15 15 15 15 15 15 15   15 15 15 15 15 15 15 15 15 15   
 41a  15 15 15 15 15 15 15 15 15 15   15 15 15 15 15 15 15 15 15 15   15 15 15 15 15 15 15 15 15 15   15 15 15 15 15 15 15 15 15 15   
 41b  15 15 15 15 15 15 15 15 15 15   15 15 15 15 15 15 15 15 15 15   15 15 15 15 15 15 15 15 15 15   15 15 15 15 15 15 15 15 15 15   
 42a  15 15 15 15 15 15 15 15 15 15   15 15 15 15 15 15 15 15 15 15   15 15 15 15 15 15 15 15 15 15   15 15 15 15 15 15 15 15 15 15   
 42b  15 15 15 15 15 15 15 15 15 15   15 15 15 15 15 15 15 15 15 15   15 15 15 15 15 15 15 15 15 15   15 15 15 15 15 15 15 15 15 15   
 43a  15 15 15 15 15 15 15 15 15 15   15 15 15 15 15 15 15 15 15 15   15 15 15 15 15 15 15 15 15 15   15 15 15 15 15 15 15 15 15 15   
 43b  15 15 15 15 15 15 15 15 15 15   15 15 15 15 15 15 15 15 15 15   15 15 15 15 15 15 15 15 15 15   15 15 15 15 15 15 15 15 15 15   
 44a  15 15 15 15 15 15 15 15 15 15   15 15 15 15 15 15 15 15 15 15   15 15 15 15 15 15 15 15 15 15   15 15 15 15 15 15 15 15 15 15   
 44b  15 15 15 15 15 15 15 15 15 15   15 15 15 15 15 15 15 15 15 15   15 15 15 15 15 15 15 15 15 15   15 15 15 15 15 15 15 15 15 15   
 45a  15 15 15 15 15 15 15 15 15 15   15 15 15 15 15 15 15 15 15 15   15 15 15 15 15 15 15 15 15 15   15 15 15 15 15 15 15 15 15 15   
 45b  15 15 15 15 15 15 15 15 15 15   15 15 15 15 15 15 15 15 15 15   15 15 15 15 15 15 15 15 15 15   15 15 15 15 15 15 15 15 15 15   
 46a  15 15 15 15 15 15 15 15 15 15   15 15 15 15 15 15 15 15 15 15   15 15 15 15 15 15 15 15 15 15   15 15 15 15 15 15 15 15 15 15   
 46b  15 15 15 15 15 15 15 15 15 15   15 15 15 15 15 15 15 15 15 15   15 15 15 15 15 15 15 15 15 15   15 15 15 15 15 15 15 15 15 15   
 47a  15 15 15 15 15 15 15 15 15 15   15 15 15 15 15 15 15 15 15 15   15 15 15 15 15 15 15 15 15 15   15 15 15 15 15 15 15 15 15 15   
 47b  15 15 15 15 15 15 15 15 15 15   15 15 15 15 15 15 15 15 15 15   15 15 15 15 15 15 15 15 15 15   15 15 15 15 15 15 15 15 15 15   
 48a  15 15 15 15 15 15 15 15 15 15   15 15 15 15 15 15 15 15 15 15   15 15 15 15 15 15 15 15 15 15   15 15 15 15 15 15 15 15 15 15   
 48b  15 15 15 15 15 15 15 15 15 15   15 15 15 15 15 15 15 15 15 15   15 15 15 15 15 15 15 15 15 15   15 15 15 15 15 15 15 15 15 15   
 49a  15 15 15 15 15 15 15 15 15 15   15 15 15 15 15 15 15 15 15 15   15 15 15 15 15 15 15 15 15 15   15 15 15 15 15 15 15 15 15 15   
 49b  15 15 15 15 15 15 15 15 15 15   15 15 15 15 15 15 15 15 15 15   15 15 15 15 15 15 15 15 15 15   15 15 15 15 15 15 15 15 15 15   
 50a  15 15 15 15 15 15 15 15 15 15   15 15 15 15 15 15 15 15 15 15   15 15 15 15 15 15 15 15 15 15   15 15 15 15 15 15 15 15 15 15   
 50b  15 15 15 15 15 15 15 15 15 15   15 15 15 15 15 15 15 15 15 15   15 15 15 15 15 15 15 15 15 15   15 15 15 15 15 15 15 15 15 15   
 51a  15 15 15 15 15 15 15 15 15 15   15 15 15 15 15 15 15 15 15 15   15 15 15 15 15 15 15 15 15 15   15 15 15 15 15 15 15 15 15 15   
 51b  15 15 15 15 15 15 15 15 15 15   15 15 15 15 15 15 15 15 15 15   15 15 15 15 15 15 15 15 15 15   15 15 15 15 15 15 15 15 15 15   
 52a  15 15 15 15 15 15 15 15 15 15   15 15 15 15 15 15 15 15 15 15   15 15 15 15 15 15 15 15 15 15   15 15 15 15 15 15 15 15 15 15   
 52b  15 15 15 15 15 15 15 15 15 15   15 15 15 15 15 15 15 15 15 15   15 15 15 15 15 15 15 15 15 15   15 15 15 15 15 15 15 15 15 15   
 53a  15 15 15 15 15 15 15 15 15 15   15 15 15 15 15 15 15 15 15 15   15 15 15 15 15 15 15 15 15 15   15 15 15 15 15 15 15 15 15 15   
 53b  15 15 15 15 15 15 15 15 15 15   15 15 15 15 15 15 15 15 15 15   15 15 15 15 15 15 15 15 15 15   15 15 15 15 15 15 15 15 15 15   
 54a  15 15 15 15 15 15 15 15 15 15   15 15 15 15 15 15 15 15 15 15   15 15 15 15 15 15 15 15 15 15   15 15 15 15 15 15 15 15 15 15   
 54b  15 15 15 15 15 15 15 15 15 15   15 15 15 15 15 15 15 15 15 15   15 15 15 15 15 15 15 15 15 15   15 15 15 15 15 15 15 15 15 15   
 55a  15 15 15 15 15 15 15 15 15 15   15 15 15 15 15 15 15 15 15 15   15 15 15 15 15 15 15 15 15 15   15 15 15 15 15 15 15 15 15 15   
 55b  15 15 15 15 15 15 15 15 15 15   15 15 15 15 15 15 15 15 15 15   15 15 15 15 15 15 15 15 15 15   15 15 15 15 15 15 15 15 15 15   
 56a  15 15 15 15 15 15 15 15 15 15   15 15 15 15 15 15 15 15 15 15   15 15 15 15 15 15 15 15 15 15   15 15 15 15 15 15 15 15 15 15   
 56b  15 15 15 15 15 15 15 15 15 15   15 15 15 15 15 15 15 15 15 15   15 15 15 15 15 15 15 15 15 15   15 15 15 15 15 15 15 15 15 15   
 57a  15 15 15 15 15 15 15 15 15 15   15 15 15 15 15 15 15 15 15 15   15 15 15 15 15 15 15 15 15 15   15 15 15 15 15 15 15 15 15 15   
 57b  15 15 15 15 15 15 15 15 15 15   15 15 15 15 15 15 15 15 15 15   15 15 15 15 15 15 15 15 15 15   15 15 15 15 15 15 15 15 15 15   
 58a  15 15 15 15 15 15 15 15 15 15   15 15 15 15 15 15 15 15 15 15   15 15 15 15 15 15 15 15 15 15   15 15 15 15 15 15 15 15 15 15   
 58b  15 15 15 15 15 15 15 15 15 15   15 15 15 15 15 15 15 15 15 15   15 15 15 15 15 15 15 15 15 15   15 15 15 15 15 15 15 15 15 15   
 59a  15 15 15 15 15 15 15 15 15 15   15 15 15 15 15 15 15 15 15 15   15 15 15 15 15 15 15 15 15 15   15 15 15 15 15 15 15 15 15 15   
 59b  15 15 15 15 15 15 15 15 15 15   15 15 15 15 15 15 15 15 15 15   15 15 15 15 15 15 15 15 15 15   15 15 15 15 15 15 15 15 15 15   
 60a  15 15 15 15 15 15 15 15 15 15   15 15 15 15 15 15 15 15 15 15   15 15 15 15 15 15 15 15 15 15   15 15 15 15 15 15 15 15 15 15   
 60b  15 15 15 15 15 15 15 15 15 15   15 15 15 15 15 15 15 15 15 15   15 15 15 15 15 15 15 15 15 15   15 15 15 15 15 15 15 15 15 15   
 61a  15 15 15 15 15 15 15 15 15 15   15 15 15 15 15 15 15 15 15 15   15 15 15 15 15 15 15 15 15 15   15 15 15 15 15 15 15 15 15 15   
 61b  15 15 15 15 15 15 15 15 15 15   15 15 15 15 15 15 15 15 15 15   15 15 15 15 15 15 15 15 15 15   15 15 15 15 15 15 15 15 15 15   
 62a  15 15 15 15 15 15 15 15 15 15   15 15 15 15 15 15 15 15 15 15   15 15 15 15 15 15 15 15 15 15   15 15 15 15 15 15 15 15 15 15   
 62b  15 15 15 15 15 15 15 15 15 15   15 15 15 15 15 15 15 15 15 15   15 15 15 15 15 15 15 15 15 15   15 15 15 15 15 15 15 15 15 15   
 63a  15 15 15 15 15 15 15 15 15 15   15 15 15 15 15 15 15 15 15 15   15 15 15 15 15 15 15 15 15 15   15 15 15 15 15 15 15 15 15 15   
 63b  15 15 15 15 15 15 15 15 15 15   15 15 15 15 15 15 15 15 15 15   15 15 15 15 15 15 15 15 15 15   15 15 15 15 15 15 15 15 15 15   
 64a  15 15 15 15 15 15 15 15 15 15   15 15 15 15 15 15 15 15 15 15   15 15 15 15 15 15 15 15 15 15   15 15 15 15 15 15 15 15 15 15   
 64b  15 15 15 15 15 15 15 15 15 15   15 15 15 15 15 15 15 15 15 15   15 15 15 15 15 15 15 15 15 15   15 15 15 15 15 15 15 15 15 15   
 65a  15 15 15 15 15 15 15 15 15 15   15 15 15 15 15 15 15 15 15 15   15 15 15 15 15 15 15 15 15 15   15 15 15 15 15 15 15 15 15 15   
 65b  15 15 15 15 15 15 15 15 15 15   15 15 15 15 15 15 15 15 15 15   15 15 15 15 15 15 15 15 15 15   15 15 15 15 15 15 15 15 15 15   
 66a  15 15 15 15 15 15 15 15 15 15   15 15 15 15 15 15 15 15 15 15   15 15 15 15 15 15 15 15 15 15   15 15 15 15 15 15 15 15 15 15   
 66b  15 15 15 15 15 15 15 15 15 15   15 15 15 15 15 15 15 15 15 15   15 15 15 15 15 15 15 15 15 15   15 15 15 15 15 15 15 15 15 15   
 67a  15 15 15 15 15 15 15 15 15 15   15 15 15 15 15 15 15 15 15 15   15 15 15 15 15 15 15 15 15 15   15 15 15 15 15 15 15 15 15 15   
 67b  15 15 15 15 15 15 15 15 15 15   15 15 15 15 15 15 15 15 15 15   15 15 15 15 15 15 15 15 15 15   15 15 15 15 15 15 15 15 15 15   
 68a  15 15 15 15 15 15 15 15 15 15   15 15 15 15 15 15 15 15 15 15   15 15 15 15 15 15 15 15 15 15   15 15 15 15 15 15 15 15 15 15   
 68b  15 15 15 15 15 15 15 15 15 15   15 15 15 15 15 15 15 15 15 15   15 15 15 15 15 15 15 15 15 15   15 15 15 15 15 15 15 15 15 15   
 69a  15 15 15 15 15 15 15 15 15 15   15 15 15 15 15 15 15 15 15 15   15 15 15 15 15 15 15 15 15 15   15 15 15 15 15 15 15 15 15 15   
 69b  15 15 15 15 15 15 15 15 15 15   15 15 15 15 15 15 15 15 15 15   15 15 15 15 15 15 15 15 15 15   15 15 15 15 15 15 15 15 15 15   
 70a  15 15 15 15 15 15 15 15 15 15   15 15 15 15 15 15 15 15 15 15   15 15 15 15 15 15 15 15 15 15   15 15 15 15 15 15 15 15 15 15   
 70b  15 15 15 15 15 15 15 15 15 15   15 15 15 15 15 15 15 15 15 15   15 15 15 15 15 15 15 15 15 15   15 15 15 15 15 15 15 15 15 15   
 71a  15 15 15 15 15 15 15 15 15 15   15 15 15 15 15 15 15 15 15 15   15 15 15 15 15 15 15 15 15 15   15 15 15 15 15 15 15 15 15 15   
 71b  15 15 15 15 15 15 15 15 15 15   15 15 15 15 15 15 15 15 15 15   15 15 15 15 15 15 15 15 15 15   15 15 15 15 15 15 15 15 15 15   
 72a  15 15 15 15 15 15 15 15 15 15   15 15 15 15 15 15 15 15 15 15   15 15 15 15 15 15 15 15 15 15   15 15 15 15 15 15 15 15 15 15   
 72b  15 15 15 15 15 15 15 15 15 15   15 15 15 15 15 15 15 15 15 15   15 15 15 15 15 15 15 15 15 15   15 15 15 15 15 15 15 15 15 15   
 73a  15 15 15 15 15 15 15 15 15 15   15 15 15 15 15 15 15 15 15 15   15 15 15 15 15 15 15 15 15 15   15 15 15 15 15 15 15 15 15 15   
 73b  15 15 15 15 15 15 15 15 15 15   15 15 15 15 15 15 15 15 15 15   15 15 15 15 15 15 15 15 15 15   15 15 15 15 15 15 15 15 15 15   
 74a  15 15 15 15 15 15 15 15 15 15   15 15 15 15 15 15 15 15 15 15   15 15 15 15 15 15 15 15 15 15   15 15 15 15 15 15 15 15 15 15   
 74b  15 15 15 15 15 15 15 15 15 15   15 15 15 15 15 15 15 15 15 15   15 15 15 15 15 15 15 15 15 15   15 15 15 15 15 15 15 15 15 15   
 75a  15 15 15 15 15 15 15 15 15 15   15 15 15 15 15 15 15 15 15 15   15 15 15 15 15 15 15 15 15 15   15 15 15 15 15 15 15 15 15 15   
 75b  15 15 15 15 15 15 15 15 15 15   15 15 15 15 15 15 15 15 15 15   15 15 15 15 15 15 15 15 15 15   15 15 15 15 15 15 15 15 15 15   
 76a  15 15 15 15 15 15 15 15 15 15   15 15 15 15 15 15 15 15 15 15   15 15 15 15 15 15 15 15 15 15   15 15 15 15 15 15 15 15 15 15   
 76b  15 15 15 15 15 15 15 15 15 15   15 15 15 15 15 15 15 15 15 15   15 15 15 15 15 15 15 15 15 15   15 15 15 15 15 15 15 15 15 15   
 77a  15 15 15 15 15 15 15 15 15 15   15 15 15 15 15 15 15 15 15 15   15 15 15 15 15 15 15 15 15 15   15 15 15 15 15 15 15 15 15 15   
 77b  15 15 15 15 15 15 15 15 15 15   15 15 15 15 15 15 15 15 15 15   15 15 15 15 15 15 15 15 15 15   15 15 15 15 15 15 15 15 15 15   
 78a  15 15 15 15 15 15 15 15 15 15   15 15 15 15 15 15 15 15 15 15   15 15 15 15 15 15 15 15 15 15   15 15 15 15 15 15 15 15 15 15   
 78b  15 15 15 15 15 15 15 15 15 15   15 15 15 15 15 15 15 15 15 15   15 15 15 15 15 15 15 15 15 15   15 15 15 15 15 15 15 15 15 15   
 79a  15 15 15 15 15 15 15 15 15 15   15 15 15 15 15 15 15 15 15 15   15 15 15 15 15 15 15 15 15 15   15 15 15 15 15 15 15 15 15 15   
 79b  15 15 15 15 15 15 15 15 15 15   15 15 15 15 15 15 15 15 15 15   15 15 15 15 15 15 15 15 15 15   15 15 15 15 15 15 15 15 15 15   
 80a  15 15 15 15 15 15 15 15 15 15   15 15 15 15 15 15 15 15 15 15   15 15 15 15 15 15 15 15 15 15   15 15 15 15 15 15 15 15 15 15   
 80b  15 15 15 15 15 15 15 15 15 15   15 15 15 15 15 15 15 15 15 15   15 15 15 15 15 15 15 15 15 15   15 15 15 15 15 15 15 15 15 15   
 81a  15 15 15 15 15 15 15 15 15 15   15 15 15 15 15 15 15 15 15 15   15 15 15 15 15 15 15 15 15 15   15 15 15 15 15 15 15 15 15 15   
 81b  15 15 15 15 15 15 15 15 15 15   15 15 15 15 15 15 15 15 15 15   15 15 15 15 15 15 15 15 15 15   15 15 15 15 15 15 15 15 15 15   
 82a  15 15 15 15 15 15 15 15 15 15   15 15 15 15 15 15 15 15 15 15   15 15 15 15 15 15 15 15 15 15   15 15 15 15 15 15 15 15 15 15   
 82b  15 15 15 15 15 15 15 15 15 15   15 15 15 15 15 15 15 15 15 15   15 15 15 15 15 15 15 15 15 15   15 15 15 15 15 15 15 15 15 15   
 83a  15 15 15 15 15 15 15 15 15 15   15 15 15 15 15 15 15 15 15 15   15 15 15 15 15 15 15 15 15 15   15 15 15 15 15 15 15 15 15 15   
 83b  15 15 15 15 15 15 15 15 15 15   15 15 15 15 15 15 15 15 15 15   15 15 15 15 15 15 15 15 15 15   15 15 15 15 15 15 15 15 15 15   
 84a  15 15 15 15 15 15 15 15 15 15   15 15 15 15 15 15 15 15 15 15   15 15 15 15 15 15 15 15 15 15   15 15 15 15 15 15 15 15 15 15   
 84b  15 15 15 15 15 15 15 15 15 15   15 15 15 15 15 15 15 15 15 15   15 15 15 15 15 15 15 15 15 15   15 15 15 15 15 15 15 15 15 15   
 85a  15 15 15 15 15 15 15 15 15 15   15 15 15 15 15 15 15 15 15 15   15 15 15 15 15 15 15 15 15 15   15 15 15 15 15 15 15 15 15 15   
 85b  15 15 15 15 15 15 15 15 15 15   15 15 15 15 15 15 15 15 15 15   15 15 15 15 15 15 15 15 15 15   15 15 15 15 15 15 15 15 15 15   
 86a  15 15 15 15 15 15 15 15 15 15   15 15 15 15 15 15 15 15 15 15   15 15 15 15 15 15 15 15 15 15   15 15 15 15 15 15 15 15 15 15   
 86b  15 15 15 15 15 15 15 15 15 15   15 15 15 15 15 15 15 15 15 15   15 15 15 15 15 15 15 15 15 15   15 15 15 15 15 15 15 15 15 15   
 87a  15 15 15 15 15 15 15 15 15 15   15 15 15 15 15 15 15 15 15 15   15 15 15 15 15 15 15 15 15 15   15 15 15 15 15 15 15 15 15 15   
 87b  15 15 15 15 15 15 15 15 15 15   15 15 15 15 15 15 15 15 15 15   15 15 15 15 15 15 15 15 15 15   15 15 15 15 15 15 15 15 15 15   
 88a  15 15 15 15 15 15 15 15 15 15   15 15 15 15 15 15 15 15 15 15   15 15 15 15 15 15 15 15 15 15   15 15 15 15 15 15 15 15 15 15   
 88b  15 15 15 15 15 15 15 15 15 15   15 15 15 15 15 15 15 15 15 15   15 15 15 15 15 15 15 15 15 15   15 15 15 15 15 15 15 15 15 15   
 89a  15 15 15 15 15 15 15 15 15 15   15 15 15 15 15 15 15 15 15 15   15 15 15 15 15 15 15 15 15 15   15 15 15 15 15 15 15 15 15 15   
 89b  15 15 15 15 15 15 15 15 15 15   15 15 15 15 15 15 15 15 15 15   15 15 15 15 15 15 15 15 15 15   15 15 15 15 15 15 15 15 15 15   
 90a  15 15 15 15 15 15 15 15 15 15   15 15 15 15 15 15 15 15 15 15   15 15 15 15 15 15 15 15 15 15   15 15 15 15 15 15 15 15 15 15   
 90b  15 15 15 15 15 15 15 15 15 15   15 15 15 15 15 15 15 15 15 15   15 15 15 15 15 15 15 15 15 15   15 15 15 15 15 15 15 15 15 15   
 91a  15 15 15 15 15 15 15 15 15 15   15 15 15 15 15 15 15 15 15 15   15 15 15 15 15 15 15 15 15 15   15 15 15 15 15 15 15 15 15 15   
 91b  15 15 15 15 15 15 15 15 15 15   15 15 15 15 15 15 15 15 15 15   15 15 15 15 15 15 15 15 15 15   15 15 15 15 15 15 15 15 15 15   
 92a  15 15 15 15 15 15 15 15 15 15   15 15 15 15 15 15 15 15 15 15   15 15 15 15 15 15 15 15 15 15   15 15 15 15 15 15 15 15 15 15   
 92b  15 15 15 15 15 15 15 15 15 15   15 15 15 15 15 15 15 15 15 15   15 15 15 15 15 15 15 15 15 15   15 15 15 15 15 15 15 15 15 15   
 93a  15 15 15 15 15 15 15 15 15 15   15 15 15 15 15 15 15 15 15 15   15 15 15 15 15 15 15 15 15 15   15 15 15 15 15 15 15 15 15 15   
 93b  15 15 15 15 15 15 15 15 15 15   15 15 15 15 15 15 15 15 15 15   15 15 15 15 15 15 15 15 15 15   15 15 15 15 15 15 15 15 15 15   
 94a  15 15 15 15 15 15 15 15 15 15   15 15 15 15 15 15 15 15 15 15   15 15 15 15 15 15 15 15 15 15   15 15 15 15 15 15 15 15 15 15   
 94b  15 15 15 15 15 15 15 15 15 15   15 15 15 15 15 15 15 15 15 15   15 15 15 15 15 15 15 15 15 15   15 15 15 15 15 15 15 15 15 15   
 95a  15 15 15 15 15 15 15 15 15 15   15 15 15 15 15 15 15 15 15 15   15 15 15 15 15 15 15 15 15 15   15 15 15 15 15 15 15 15 15 15   
 95b  15 15 15 15 15 15 15 15 15 15   15 15 15 15 15 15 15 15 15 15   15 15 15 15 15 15 15 15 15 15   15 15 15 15 15 15 15 15 15 15   
 96a  15 15 15 15 15 15 15 15 15 15   15 15 15 15 15 15 15 15 15 15   15 15 15 15 15 15 15 15 15 15   15 15 15 15 15 15 15 15 15 15   
 96b  15 15 15 15 15 15 15 15 15 15   15 15 15 15 15 15 15 15 15 15   15 15 15 15 15 15 15 15 15 15   15 15 15 15 15 15 15 15 15 15   
 97a  15 15 15 15 15 15 15 15 15 15   15 15 15 15 15 15 15 15 15 15   15 15 15 15 15 15 15 15 15 15   15 15 15 15 15 15 15 15 15 15   
 97b  15 15 15 15 15 15 15 15 15 15   15 15 15 15 15 15 15 15 15 15   15 15 15 15 15 15 15 15 15 15   15 15 15 15 15 15 15 15 15 15   
 98a  15 15 15 15 15 15 15 15 15 15   15 15 15 15 15 15 15 15 15 15   15 15 15 15 15 15 15 15 15 15   15 15 15 15 15 15 15 15 15 15   
 98b  15 15 15 15 15 15 15 15 15 15   15 15 15 15 15 15 15 15 15 15   15 15 15 15 15 15 15 15 15 15   15 15 15 15 15 15 15 15 15 15   
 99a  15 15 15 15 15 15 15 15 15 15   15 15 15 15 15 15 15 15 15 15   15 15 15 15 15 15 15 15 15 15   15 15 15 15 15 15 15 15 15 15   
 99b  15 15 15 15 15 15 15 15 15 15   15 15 15 15 15 15 15 15 15 15   15 15 15 15 15 15 15 15 15 15   15 15 15 15 15 15 15 15 15 15   
100a  15 15 15 15 15 15 15 15 15 15   15 15 15 15 15 15 15 15 15 15   15 15 15 15 15 15 15 15 15 15   15 15 15 15 15 15 15 15 15 15   
100b  15 15 15 15 15 15 15 15 15 15   15 15 15 15 15 15 15 15 15 15   15 15 15 15 15 15 15 15 15 15   15 15 15 15 15 15 15 15 15 15   
101a  15 15 15 15 15 15 15 15 15 15   15 15 15 15 15 15 15 15 15 15   15 15 15 15 15 15 15 15 15 15   15 15 15 15 15 15 15 15 15 15   
101b  15 15 15 15 15 15 15 15 15 15   15 15 15 15 15 15 15 15 15 15   15 15 15 15 15 15 15 15 15 15   15 15 15 15 15 15 15 15 15 15   
102a  15 15 15 15 15 15 15 15 15 15   15 15 15 15 15 15 15 15 15 15   15 15 15 15 15 15 15 15 15 15   15 15 15 15 15 15 15 15 15 15   
102b  15 15 15 15 15 15 15 15 15 15   15 15 15 15 15 15 15 15 15 15   15 15 15 15 15 15 15 15 15 15   15 15 15 15 15 15 15 15 15 15   
103a  15 15 15 15 15 15 15 15 15 15   15 15 15 15 15 15 15 15 15 15   15 15 15 15 15 15 15 15 15 15   15 15 15 15 15 15 15 15 15 15   
103b  15 15 15 15 15 15 15 15 15 15   15 15 15 15 15 15 15 15 15 15   15 15 15 15 15 15 15 15 15 15   15 15 15 15 15 15 15 15 15 15   
104a  15 15 15 15 15 15 15 15 15 15   15 15 15 15 15 15 15 15 15 15   15 15 15 15 15 15 15 15 15 15   15 15 15 15 15 15 15 15 15 15   
104b  15 15 15 15 15 15 15 15 15 15   15 15 15 15 15 15 15 15 15 15   15 15 15 15 15 15 15 15 15 15   15 15 15 15 15 15 15 15 15 15   
105a  15 15 15 15 15 15 15 15 15 15   15 15 15 15 15 15 15 15 15 15   15 15 15 15 15 15 15 15 15 15   15 15 15 15 15 15 15 15 15 15   
105b  15 15 15 15 15 15 15 15 15 15   15 15 15 15 15 15 15 15 15 15   15 15 15 15 15 15 15 15 15 15   15 15 15 15 15 15 15 15 15 15   
106a  15 15 15 15 15 15 15 15 15 15   15 15 15 15 15 15 15 15 15 15   15 15 15 15 15 15 15 15 15 15   15 15 15 15 15 15 15 15 15 15   
106b  15 15 15 15 15 15 15 15 15 15   15 15 15 15 15 15 15 15 15 15   15 15 15 15 15 15 15 15 15 15   15 15 15 15 15 15 15 15 15 15   
107a  15 15 15 15 15 15 15 15 15 15   15 15 15 15 15 15 15 15 15 15   15 15 15 15 15 15 15 15 15 15   15 15 15 15 15 15 15 15 15 15   
107b  15 15 15 15 15 15 15 15 15 15   15 15 15 15 15 15 15 15 15 15   15 15 15 15 15 15 15 15 15 15   15 15 15 15 15 15 15 15 15 15   
108a  15 15 15 15 15 15 15 15 15 15   15 15 15 15 15 15 15 15 15 15   15 15 15 15 15 15 15 15 15 15   15 15 15 15 15 15 15 15 15 15   
108b  15 15 15 15 15 15 15 15 15 15   15 15 15 15 15 15 15 15 15 15   15 15 15 15 15 15 15 15 15 15   15 15 15 15 15 15 15 15 15 15   
109a  15 15 15 15 15 15 15 15 15 15   15 15 15 15 15 15 15 15 15 15   15 15 15 15 15 15 15 15 15 15   15 15 15 15 15 15 15 15 15 15   
109b  15 15 15 15 15 15 15 15 15 15   15 15 15 15 15 15 15 15 15 15   15 15 15 15 15 15 15 15 15 15   15 15 15 15 15 15 15 15 15 15   
110a  15 15 15 15 15 15 15 15 15 15   15 15 15 15 15 15 15 15 15 15   15 15 15 15 15 15 15 15 15 15   15 15 15 15 15 15 15 15 15 15   
110b  15 15 15 15 15 15 15 15 15 15   15 15 15 15 15 15 15 15 15 15   15 15 15 15 15 15 15 15 15 15   15 15 15 15 15 15 15 15 15 15   
111a  15 15 15 15 15 15 15 15 15 15   15 15 15 15 15 15 15 15 15 15   15 15 15 15 15 15 15 15 15 15   15 15 15 15 15 15 15 15 15 15   
111b  15 15 15 15 15 15 15 15 15 15   15 15 15 15 15 15 15 15 15 15   15 15 15 15 15 15 15 15 15 15   15 15 15 15 15 15 15 15 15 15   
112a  15 15 15 15 15 15 15 15 15 15   15 15 15 15 15 15 15 15 15 15   15 15 15 15 15 15 15 15 15 15   15 15 15 15 15 15 15 15 15 15   
112b  15 15 15 15 15 15 15 15 15 15   15 15 15 15 15 15 15 15 15 15   15 15 15 15 15 15 15 15 15 15   15 15 15 15 15 15 15 15 15 15   
113a  15 15 15 15 15 15 15 15 15 15   15 15 15 15 15 15 15 15 15 15   15 15 15 15 15 15 15 15 15 15   15 15 15 15 15 15 15 15 15 15   
113b  15 15 15 15 15 15 15 15 15 15   15 15 15 15 15 15 15 15 15 15   15 15 15 15 15 15 15 15 15 15   15 15 15 15 15 15 15 15 15 15   
114a  15 15 15 15 15 15 15 15 15 15   15 15 15 15 15 15 15 15 15 15   15 15 15 15 15 15 15 15 15 15   15 15 15 15 15 15 15 15 15 15   
114b  15 15 15 15 15 15 15 15 15 15   15 15 15 15 15 15 15 15 15 15   15 15 15 15 15 15 15 15 15 15   15 15 15 15 15 15 15 15 15 15   
115a  15 15 15 15 15 15 15 15 15 15   15 15 15 15 15 15 15 15 15 15   15 15 15 15 15 15 15 15 15 15   15 15 15 15 15 15 15 15 15 15   
115b  15 15 15 15 15 15 15 15 15 15   15 15 15 15 15 15 15 15 15 15   15 15 15 15 15 15 15 15 15 15   15 15 15 15 15 15 15 15 15 15   
116a  15 15 15 15 15 15 15 15 15 15   15 15 15 15 15 15 15 15 15 15   15 15 15 15 15 15 15 15 15 15   15 15 15 15 15 15 15 15 15 15   
116b  15 15 15 15 15 15 15 15 15 15   15 15 15 15 15 15 15 15 15 15   15 15 15 15 15 15 15 15 15 15   15 15 15 15 15 15 15 15 15 15   
117a  15 15 15 15 15 15 15 15 15 15   15 15 15 15 15 15 15 15 15 15   15 15 15 15 15 15 15 15 15 15   15 15 15 15 15 15 15 15 15 15   
117b  15 15 15 15 15 15 15 15 15 15   15 15 15 15 15 15 15 15 15 15   15 15 15 15 15 15 15 15 15 15   15 15 15 15 15 15 15 15 15 15   
118a  15 15 15 15 15 15 15 15 15 15   15 15 15 15 15 15 15 15 15 15   15 15 15 15 15 15 15 15 15 15   15 15 15 15 15 15 15 15 15 15   
118b  15 15 15 15 15 15 15 15 15 15   15 15 15 15 15 15 15 15 15 15   15 15 15 15 15 15 15 15 15 15   15 15 15 15 15 15 15 15 15 15   
119a  15 15 15 15 15 15 15 15 15 15   15 15 15 15 15 15 15 15 15 15   15 15 15 15 15 15 15 15 15 15   15 15 15 15 15 15 15 15 15 15   
119b  15 15 15 15 15 15 15 15 15 15   15 15 15 15 15 15 15 15 15 15   15 15 15 15 15 15 15 15 15 15   15 15 15 15 15 15 15 15 15 15   
120a  15 15 15 15 15 15 15 15 15 15   15 15 15 15 15 15 15 15 15 15   15 15 15 15 15 15 15 15 15 15   15 15 15 15 15 15 15 15 15 15   
120b  15 15 15 15 15 15 15 15 15 15   15 15 15 15 15 15 15 15 15 15   15 15 15 15 15 15 15 15 15 15   15 15 15 15 15 15 15 15 15 15   
121a  15 15 15 15 15 15 15 15 15 15   15 15 15 15 15 15 15 15 15 15   15 15 15 15 15 15 15 15 15 15   15 15 15 15 15 15 15 15 15 15   
121b  15 15 15 15 15 15 15 15 15 15   15 15 15 15 15 15 15 15 15 15   15 15 15 15 15 15 15 15 15 15   15 15 15 15 15 15 15 15 15 15   
122a  15 15 15 15 15 15 15 15 15 15   15 15 15 15 15 15 15 15 15 15   15 15 15 15 15 15 15 15 15 15   15 15 15 15 15 15 15 15 15 15   
122b  15 15 15 15 15 15 15 15 15 15   15 15 15 15 15 15 15 15 15 15   15 15 15 15 15 15 15 15 15 15   15 15 15 15 15 15 15 15 15 15   
123a  15 15 15 15 15 15 15 15 15 15   15 15 15 15 15 15 15 15 15 15   15 15 15 15 15 15 15 15 15 15   15 15 15 15 15 15 15 15 15 15   
123b  15 15 15 15 15 15 15 15 15 15   15 15 15 15 15 15 15 15 15 15   15 15 15 15 15 15 15 15 15 15   15 15 15 15 15 15 15 15 15 15   
124a  15 15 15 15 15 15 15 15 15 15   15 15 15 15 15 15 15 15 15 15   15 15 15 15 15 15 15 15 15 15   15 15 15 15 15 15 15 15 15 15   
124b  15 15 15 15 15 15 15 15 15 15   15 15 15 15 15 15 15 15 15 15   15 15 15 15 15 15 15 15 15 15   15 15 15 15 15 15 15 15 15 15   
125a  15 15 15 15 15 15 15 15 15 15   15 15 15 15 15 15 15 15 15 15   15 15 15 15 15 15 15 15 15 15   15 15 15 15 15 15 15 15 15 15   
125b  15 15 15 15 15 15 15 15 15 15   15 15 15 15 15 15 15 15 15 15   15 15 15 15 15 15 15 15 15 15   15 15 15 15 15 15 15 15 15 15   
126a  15 15 15 15 15 15 15 15 15 15   15 15 15 15 15 15 15 15 15 15   15 15 15 15 15 15 15 15 15 15   15 15 15 15 15 15 15 15 15 15   
126b  15 15 15 15 15 15 15 15 15 15   15 15 15 15 15 15 15 15 15 15   15 15 15 15 15 15 15 15 15 15   15 15 15 15 15 15 15 15 15 15   
127a  15 15 15 15 15 15 15 15 15 15   15 15 15 15 15 15 15 15 15 15   15 15 15 15 15 15 15 15 15 15   15 15 15 15 15 15 15 15 15 15   
127b  15 15 15 15 15 15 15 15 15 15   15 15 15 15 15 15 15 15 15 15   15 15 15 15 15 15 15 15 15 15   15 15 15 15 15 15 15 15 15 15   
128a  15 15 15 15 15 15 15 15 15 15   15 15 15 15 15 15 15 15 15 15   15 15 15 15 15 15 15 15 15 15   15 15 15 15 15 15 15 15 15 15   
128b  15 15 15 15 15 15 15 15 15 15   15 15 15 15 15 15 15 15 15 15   15 15 15 15 15 15 15 15 15 15   15 15 15 15 15 15 15 15 15 15   
129a  15 15 15 15 15 15 15 15 15 15   15 15 15 15 15 15 15 15 15 15   15 15 15 15 15 15 15 15 15 15   15 15 15 15 15 15 15 15 15 15   
129b  15 15 15 15 15 15 15 15 15 15   15 15 15 15 15 15 15 15 15 15   15 15 15 15 15 15 15 15 15 15   15 15 15 15 15 15 15 15 15 15   
130a  15 15 15 15 15 15 15 15 15 15   15 15 15 15 15 15 15 15 15 15   15 15 15 15 15 15 15 15 15 15   15 15 15 15 15 15 15 15 15 15   
130b  15 15 15 15 15 15 15 15 15 15   15 15 15 15 15 15 15 15 15 15   15 15 15 15 15 15 15 15 15 15   15 15 15 15 15 15 15 15 15 15   
131a  15 15 15 15 15 15 15 15 15 15   15 15 15 15 15 15 15 15 15 15   15 15 15 15 15 15 15 15 15 15   15 15 15 15 15 15 15 15 15 15   
131b  15 15 15 15 15 15 15 15 15 15   15 15 15 15 15 15 15 15 15 15   15 15 15 15 15 15 15 15 15 15   15 15 15 15 15 15 15 15 15 15   
132a  15 15 15 15 15 15 15 15 15 15   15 15 15 15 15 15 15 15 15 15   15 15 15 15 15 15 15 15 15 15   15 15 15 15 15 15 15 15 15 15   
132b  15 15 15 15 15 15 15 15 15 15   15 15 15 15 15 15 15 15 15 15   15 15 15 15 15 15 15 15 15 15   15 15 15 15 15 15 15 15 15 15   
133a  15 15 15 15 15 15 15 15 15 15   15 15 15 15 15 15 15 15 15 15   15 15 15 15 15 15 15 15 15 15   15 15 15 15 15 15 15 15 15 15   
133b  15 15 15 15 15 15 15 15 15 15   15 15 15 15 15 15 15 15 15 15   15 15 15 15 15 15 15 15 15 15   15 15 15 15 15 15 15 15 15 15   
134a  15 15 15 15 15 15 15 15 15 15   15 15 15 15 15 15 15 15 15 15   15 15 15 15 15 15 15 15 15 15   15 15 15 15 15 15 15 15 15 15   
134b  15 15 15 15 15 15 15 15 15 15   15 15 15 15 15 15 15 15 15 15   15 15 15 15 15 15 15 15 15 15   15 15 15 15 15 15 15 15 15 15   
135a  15 15 15 15 15 15 15 15 15 15   15 15 15 15 15 15 15 15 15 15   15 15 15 15 15 15 15 15 15 15   15 15 15 15 15 15 15 15 15 15   
135b  15 15 15 15 15 15 15 15 15 15   15 15 15 15 15 15 15 15 15 15   15 15 15 15 15 15 15 15 15 15   15 15 15 15 15 15 15 15 15 15   
136a  15 15 15 15 15 15 15 15 15 15   15 15 15 15 15 15 15 15 15 15   15 15 15 15 15 15 15 15 15 15   15 15 15 15 15 15 15 15 15 15   
136b  15 15 15 15 15 15 15 15 15 15   15 15 15 15 15 15 15 15 15 15   15 15 15 15 15 15 15 15 15 15   15 15 15 15 15 15 15 15 15 15   
137a  15 15 15 15 15 15 15 15 15 15   15 15 15 15 15 15 15 15 15 15   15 15 15 15 15 15 15 15 15 15   15 15 15 15 15 15 15 15 15 15   
137b  15 15 15 15 15 15 15 15 15 15   15 15 15 15 15 15 15 15 15 15   15 15 15 15 15 15 15 15 15 15   15 15 15 15 15 15 15 15 15 15   
138a  15 15 15 15 15 15 15 15 15 15   15 15 15 15 15 15 15 15 15 15   15 15 15 15 15 15 15 15 15 15   15 15 15 15 15 15 15 15 15 15   
138b  15 15 15 15 15 15 15 15 15 15   15 15 15 15 15 15 15 15 15 15   15 15 15 15 15 15 15 15 15 15   15 15 15 15 15 15 15 15 15 15   
139a  15 15 15 15 15 15 15 15 15 15   15 15 15 15 15 15 15 15 15 15   15 15 15 15 15 15 15 15 15 15   15 15 15 15 15 15 15 15 15 15   
139b  15 15 15 15 15 15 15 15 15 15   15 15 15 15 15 15 15 15 15 15   15 15 15 15 15 15 15 15 15 15   15 15 15 15 15 15 15 15 15 15   
140a  15 15 15 15 15 15 15 15 15 15   15 15 15 15 15 15 15 15 15 15   15 15 15 15 15 15 15 15 15 15   15 15 15 15 15 15 15 15 15 15   
140b  15 15 15 15 15 15 15 15 15 15   15 15 15 15 15 15 15 15 15 15   15 15 15 15 15 15 15 15 15 15   15 15 15 15 15 15 15 15 15 15   
141a  15 15 15 15 15 15 15 15 15 15   15 15 15 15 15 15 15 15 15 15   15 15 15 15 15 15 15 15 15 15   15 15 15 15 15 15 15 15 15 15   
141b  15 15 15 15 15 15 15 15 15 15   15 15 15 15 15 15 15 15 15 15   15 15 15 15 15 15 15 15 15 15   15 15 15 15 15 15 15 15 15 15   
142a  15 15 15 15 15 15 15 15 15 15   15 15 15 15 15 15 15 15 15 15   15 15 15 15 15 15 15 15 15 15   15 15 15 15 15 15 15 15 15 15   
142b  15 15 15 15 15 15 15 15 15 15   15 15 15 15 15 15 15 15 15 15   15 15 15 15 15 15 15 15 15 15   15 15 15 15 15 15 15 15 15 15   
143a  15 15 15 15 15 15 15 15 15 15   15 15 15 15 15 15 15 15 15 15   15 15 15 15 15 15 15 15 15 15   15 15 15 15 15 15 15 15 15 15   
143b  15 15 15 15 15 15 15 15 15 15   15 15 15 15 15 15 15 15 15 15   15 15 15 15 15 15 15 15 15 15   15 15 15 15 15 15 15 15 15 15   
144a  15 15 15 15 15 15 15 15 15 15   15 15 15 15 15 15 15 15 15 15   15 15 15 15 15 15 15 15 15 15   15 15 15 15 15 15 15 15 15 15   
144b  15 15 15 15 15 15 15 15 15 15   15 15 15 15 15 15 15 15 15 15   15 15 15 15 15 15 15 15 15 15   15 15 15 15 15 15 15 15 15 15   
145a  15 15 15 15 15 15 15 15 15 15   15 15 15 15 15 15 15 15 15 15   15 15 15 15 15 15 15 15 15 15   15 15 15 15 15 15 15 15 15 15   
145b  15 15 15 15 15 15 15 15 15 15   15 15 15 15 15 15 15 15 15 15   15 15 15 15 15 15 15 15 15 15   15 15 15 15 15 15 15 15 15 15   
146a  15 15 15 15 15 15 15 15 15 15   15 15 15 15 15 15 15 15 15 15   15 15 15 15 15 15 15 15 15 15   15 15 15 15 15 15 15 15 15 15   
146b  15 15 15 15 15 15 15 15 15 15   15 15 15 15 15 15 15 15 15 15   15 15 15 15 15 15 15 15 15 15   15 15 15 15 15 15 15 15 15 15   
147a  15 15 15 15 15 15 15 15 15 15   15 15 15 15 15 15 15 15 15 15   15 15 15 15 15 15 15 15 15 15   15 15 15 15 15 15 15 15 15 15   
147b  15 15 15 15 15 15 15 15 15 15   15 15 15 15 15 15 15 15 15 15   15 15 15 15 15 15 15 15 15 15   15 15 15 15 15 15 15 15 15 15   
148a  15 15 15 15 15 15 15 15 15 15   15 15 15 15 15 15 15 15 15 15   15 15 15 15 15 15 15 15 15 15   15 15 15 15 15 15 15 15 15 15   
148b  15 15 15 15 15 15 15 15 15 15   15 15 15 15 15 15 15 15 15 15   15 15 15 15 15 15 15 15 15 15   15 15 15 15 15 15 15 15 15 15   
149a  15 15 15 15 15 15 15 15 15 15   15 15 15 15 15 15 15 15 15 15   15 15 15 15 15 15 15 15 15 15   15 15 15 15 15 15 15 15 15 15   
149b  15 15 15 15 15 15 15 15 15 15   15 15 15 15 15 15 15 15 15 15   15 15 15 15 15 15 15 15 15 15   15 15 15 15 15 15 15 15 15 15   
150a  15 15 15 15 15 15 15 15 15 15   15 15 15 15 15 15 15 15 15 15   15 15 15 15 15 15 15 15 15 15   15 15 15 15 15 15 15 15 15 15   
150b  15 15 15 15 15 15 15 15 15 15   15 15 15 15 15 15 15 15 15 15   15 15 15 15 15 15 15 15 15 15   15 15 15 15 15 15 15 15 15 15   
151a  15 15 15 15 15 15 15 15 15 15   15 15 15 15 15 15 15 15 15 15   15 15 15 15 15 15 15 15 15 15   15 15 15 15 15 15 15 15 15 15   
151b  15 15 15 15 15 15 15 15 15 15   15 15 15 15 15 15 15 15 15 15   15 15 15 15 15 15 15 15 15 15   15 15 15 15 15 15 15 15 15 15   
152a  15 15 15 15 15 15 15 15 15 15   15 15 15 15 15 15 15 15 15 15   15 15 15 15 15 15 15 15 15 15   15 15 15 15 15 15 15 15 15 15   
152b  15 15 15 15 15 15 15 15 15 15   15 15 15 15 15 15 15 15 15 15   15 15 15 15 15 15 15 15 15 15   15 15 15 15 15 15 15 15 15 15   
153a  15 15 15 15 15 15 15 15 15 15   15 15 15 15 15 15 15 15 15 15   15 15 15 15 15 15 15 15 15 15   15 15 15 15 15 15 15 15 15 15   
153b  15 15 15 15 15 15 15 15 15 15   15 15 15 15 15 15 15 15 15 15   15 15 15 15 15 15 15 15 15 15   15 15 15 15 15 15 15 15 15 15   
154a  15 15 15 15 15 15 15 15 15 15   15 15 15 15 15 15 15 15 15 15   15 15 15 15 15 15 15 15 15 15   15 15 15 15 15 15 15 15 15 15   
154b  15 15 15 15 15 15 15 15 15 15   15 15 15 15 15 15 15 15 15 15   15 15 15 15 15 15 15 15 15 15   15 15 15 15 15 15 15 15 15 15   
155a  15 15 15 15 15 15 15 15 15 15   15 15 15 15 15 15 15 15 15 15   15 15 15 15 15 15 15 15 15 15   15 15 15 15 15 15 15 15 15 15   
155b  15 15 15 15 15 15 15 15 15 15   15 15 15 15 15 15 15 15 15 15   15 15 15 15 15 15 15 15 15 15   15 15 15 15 15 15 15 15 15 15   
156a  15 15 15 15 15 15 15 15 15 15   15 15 15 15 15 15 15 15 15 15   15 15 15 15 15 15 15 15 15 15   15 15 15 15 15 15 15 15 15 15   
156b  15 15 15 15 15 15 15 15 15 15   15 15 15 15 15 15 15 15 15 15   15 15 15 15 15 15 15 15 15 15   15 15 15 15 15 15 15 15 15 15   
157a  15 15 15 15 15 15 15 15 15 15   15 15 15 15 15 15 15 15 15 15   15 15 15 15 15 15 15 15 15 15   15 15 15 15 15 15 15 15 15 15   
157b  15 15 15 15 15 15 15 15 15 15   15 15 15 15 15 15 15 15 15 15   15 15 15 15 15 15 15 15 15 15   15 15 15 15 15 15 15 15 15 15   
158a  15 15 15 15 15 15 15 15 15 15   15 15 15 15 15 15 15 15 15 15   15 15 15 15 15 15 15 15 15 15   15 15 15 15 15 15 15 15 15 15   
158b  15 15 15 15 15 15 15 15 15 15   15 15 15 15 15 15 15 15 15 15   15 15 15 15 15 15 15 15 15 15   15 15 15 15 15 15 15 15 15 15   
159a  15 15 15 15 15 15 15 15 15 15   15 15 15 15 15 15 15 15 15 15   15 15 15 15 15 15 15 15 15 15   15 15 15 15 15 15 15 15 15 15   
159b  15 15 15 15 15 15 15 15 15 15   15 15 15 15 15 15 15 15 15 15   15 15 15 15 15 15 15 15 15 15   15 15 15 15 15 15 15 15 15 15   
160a  15 15 15 15 15 15 15 15 15 15   15 15 15 15 15 15 15 15 15 15   15 15 15 15 15 15 15 15 15 15   15 15 15 15 15 15 15 15 15 15   
160b  15 15 15 15 15 15 15 15 15 15   15 15 15 15 15 15 15 15 15 15   15 15 15 15 15 15 15 15 15 15   15 15 15 15 15 15 15 15 15 15   
161a  15 15 15 15 15 15 15 15 15 15   15 15 15 15 15 15 15 15 15 15   15 15 15 15 15 15 15 15 15 15   15 15 15 15 15 15 15 15 15 15   
161b  15 15 15 15 15 15 15 15 15 15   15 15 15 15 15 15 15 15 15 15   15 15 15 15 15 15 15 15 15 15   15 15 15 15 15 15 15 15 15 15   
162a  15 15 15 15 15 15 15 15 15 15   15 15 15 15 15 15 15 15 15 15   15 15 15 15 15 15 15 15 15 15   15 15 15 15 15 15 15 15 15 15   
162b  15 15 15 15 15 15 15 15 15 15   15 15 15 15 15 15 15 15 15 15   15 15 15 15 15 15 15 15 15 15   15 15 15 15 15 15 15 15 15 15   
163a  15 15 15 15 15 15 15 15 15 15   15 15 15 15 15 15 15 15 15 15   15 15 15 15 15 15 15 15 15 15   15 15 15 15 15 15 15 15 15 15   
163b  15 15 15 15 15 15 15 15 15 15   15 15 15 15 15 15 15 15 15 15   15 15 15 15 15 15 15 15 15 15   15 15 15 15 15 15 15 15 15 15   
164a  15 15 15 15 15 15 15 15 15 15   15 15 15 15 15 15 15 15 15 15   15 15 15 15 15 15 15 15 15 15   15 15 15 15 15 15 15 15 15 15   
164b  15 15 15 15 15 15 15 15 15 15   15 15 15 15 15 15 15 15 15 15   15 15 15 15 15 15 15 15 15 15   15 15 15 15 15 15 15 15 15 15   
165a  15 15 15 15 15 15 15 15 15 15   15 15 15 15 15 15 15 15 15 15   15 15 15 15 15 15 15 15 15 15   15 15 15 15 15 15 15 15 15 15   
165b  15 15 15 15 15 15 15 15 15 15   15 15 15 15 15 15 15 15 15 15   15 15 15 15 15 15 15 15 15 15   15 15 15 15 15 15 15 15 15 15   
166a  15 15 15 15 15 15 15 15 15 15   15 15 15 15 15 15 15 15 15 15   15 15 15 15 15 15 15 15 15 15   15 15 15 15 15 15 15 15 15 15   
166b  15 15 15 15 15 15 15 15 15 15   15 15 15 15 15 15 15 15 15 15   15 15 15 15 15 15 15 15 15 15   15 15 15 15 15 15 15 15 15 15   
167a  15 15 15 15 15 15 15 15 15 15   15 15 15 15 15 15 15 15 15 15   15 15 15 15 15 15 15 15 15 15   15 15 15 15 15 15 15 15 15 15   
167b  15 15 15 15 15 15 15 15 15 15   15 15 15 15 15 15 15 15 15 15   15 15 15 15 15 15 15 15 15 15   15 15 15 15 15 15 15 15 15 15   
168a  15 15 15 15 15 15 15 15 15 15   15 15 15 15 15 15 15 15 15 15   15 15 15 15 15 15 15 15 15 15   15 15 15 15 15 15 15 15 15 15   
168b  15 15 15 15 15 15 15 15 15 15   15 15 15 15 15 15 15 15 15 15   15 15 15 15 15 15 15 15 15 15   15 15 15 15 15 15 15 15 15 15   
169a  15 15 15 15 15 15 15 15 15 15   15 15 15 15 15 15 15 15 15 15   15 15 15 15 15 15 15 15 15 15   15 15 15 15 15 15 15 15 15 15   
169b  15 15 15 15 15 15 15 15 15 15   15 15 15 15 15 15 15 15 15 15   15 15 15 15 15 15 15 15 15 15   15 15 15 15 15 15 15 15 15 15   
170a  15 15 15 15 15 15 15 15 15 15   15 15 15 15 15 15 15 15 15 15   15 15 15 15 15 15 15 15 15 15   15 15 15 15 15 15 15 15 15 15   
170b  15 15 15 15 15 15 15 15 15 15   15 15 15 15 15 15 15 15 15 15   15 15 15 15 15 15 15 15 15 15   15 15 15 15 15 15 15 15 15 15   
171a  15 15 15 15 15 15 15 15 15 15   15 15 15 15 15 15 15 15 15 15   15 15 15 15 15 15 15 15 15 15   15 15 15 15 15 15 15 15 15 15   
171b  15 15 15 15 15 15 15 15 15 15   15 15 15 15 15 15 15 15 15 15   15 15 15 15 15 15 15 15 15 15   15 15 15 15 15 15 15 15 15 15   
172a  15 15 15 15 15 15 15 15 15 15   15 15 15 15 15 15 15 15 15 15   15 15 15 15 15 15 15 15 15 15   15 15 15 15 15 15 15 15 15 15   
172b  15 15 15 15 15 15 15 15 15 15   15 15 15 15 15 15 15 15 15 15   15 15 15 15 15 15 15 15 15 15   15 15 15 15 15 15 15 15 15 15   
173a  15 15 15 15 15 15 15 15 15 15   15 15 15 15 15 15 15 15 15 15   15 15 15 15 15 15 15 15 15 15   15 15 15 15 15 15 15 15 15 15   
173b  15 15 15 15 15 15 15 15 15 15   15 15 15 15 15 15 15 15 15 15   15 15 15 15 15 15 15 15 15 15   15 15 15 15 15 15 15 15 15 15   
174a  15 15 15 15 15 15 15 15 15 15   15 15 15 15 15 15 15 15 15 15   15 15 15 15 15 15 15 15 15 15   15 15 15 15 15 15 15 15 15 15   
174b  15 15 15 15 15 15 15 15 15 15   15 15 15 15 15 15 15 15 15 15   15 15 15 15 15 15 15 15 15 15   15 15 15 15 15 15 15 15 15 15   
175a  15 15 15 15 15 15 15 15 15 15   15 15 15 15 15 15 15 15 15 15   15 15 15 15 15 15 15 15 15 15   15 15 15 15 15 15 15 15 15 15   
175b  15 15 15 15 15 15 15 15 15 15   15 15 15 15 15 15 15 15 15 15   15 15 15 15 15 15 15 15 15 15   15 15 15 15 15 15 15 15 15 15   
176a  15 15 15 15 15 15 15 15 15 15   15 15 15 15 15 15 15 15 15 15   15 15 15 15 15 15 15 15 15 15   15 15 15 15 15 15 15 15 15 15   
176b  15 15 15 15 15 15 15 15 15 15   15 15 15 15 15 15 15 15 15 15   15 15 15 15 15 15 15 15 15 15   15 15 15 15 15 15 15 15 15 15   
177a  15 15 15 15 15 15 15 15 15 15   15 15 15 15 15 15 15 15 15 15   15 15 15 15 15 15 15 15 15 15   15 15 15 15 15 15 15 15 15 15   
177b  15 15 15 15 15 15 15 15 15 15   15 15 15 15 15 15 15 15 15 15   15 15 15 15 15 15 15 15 15 15   15 15 15 15 15 15 15 15 15 15   
178a  15 15 15 15 15 15 15 15 15 15   15 15 15 15 15 15 15 15 15 15   15 15 15 15 15 15 15 15 15 15   15 15 15 15 15 15 15 15 15 15   
178b  15 15 15 15 15 15 15 15 15 15   15 15 15 15 15 15 15 15 15 15   15 15 15 15 15 15 15 15 15 15   15 15 15 15 15 15 15 15 15 15   
179a  15 15 15 15 15 15 15 15 15 15   15 15 15 15 15 15 15 15 15 15   15 15 15 15 15 15 15 15 15 15   15 15 15 15 15 15 15 15 15 15   
179b  15 15 15 15 15 15 15 15 15 15   15 15 15 15 15 15 15 15 15 15   15 15 15 15 15 15 15 15 15 15   15 15 15 15 15 15 15 15 15 15   
180a  15 15 15 15 15 15 15 15 15 15   15 15 15 15 15 15 15 15 15 15   15 15 15 15 15 15 15 15 15 15   15 15 15 15 15 15 15 15 15 15   
180b  15 15 15 15 15 15 15 15 15 15   15 15 15 15 15 15 15 15 15 15   15 15 15 15 15 15 15 15 15 15   15 15 15 15 15 15 15 15 15 15   
181a  15 15 15 15 15 15 15 15 15 15   15 15 15 15 15 15 15 15 15 15   15 15 15 15 15 15 15 15 15 15   15 15 15 15 15 15 15 15 15 15   
181b  15 15 15 15 15 15 15 15 15 15   15 15 15 15 15 15 15 15 15 15   15 15 15 15 15 15 15 15 15 15   15 15 15 15 15 15 15 15 15 15   
182a  15 15 15 15 15 15 15 15 15 15   15 15 15 15 15 15 15 15 15 15   15 15 15 15 15 15 15 15 15 15   15 15 15 15 15 15 15 15 15 15   
182b  15 15 15 15 15 15 15 15 15 15   15 15 15 15 15 15 15 15 15 15   15 15 15 15 15 15 15 15 15 15   15 15 15 15 15 15 15 15 15 15   
183a  15 15 15 15 15 15 15 15 15 15   15 15 15 15 15 15 15 15 15 15   15 15 15 15 15 15 15 15 15 15   15 15 15 15 15 15 15 15 15 15   
183b  15 15 15 15 15 15 15 15 15 15   15 15 15 15 15 15 15 15 15 15   15 15 15 15 15 15 15 15 15 15   15 15 15 15 15 15 15 15 15 15   
184a  15 15 15 15 15 15 15 15 15 15   15 15 15 15 15 15 15 15 15 15   15 15 15 15 15 15 15 15 15 15   15 15 15 15 15 15 15 15 15 15   
184b  15 15 15 15 15 15 15 15 15 15   15 15 15 15 15 15 15 15 15 15   15 15 15 15 15 15 15 15 15 15   15 15 15 15 15 15 15 15 15 15   
185a  15 15 15 15 15 15 15 15 15 15   15 15 15 15 15 15 15 15 15 15   15 15 15 15 15 15 15 15 15 15   15 15 15 15 15 15 15 15 15 15   
185b  15 15 15 15 15 15 15 15 15 15   15 15 15 15 15 15 15 15 15 15   15 15 15 15 15 15 15 15 15 15   15 15 15 15 15 15 15 15 15 15   
186a  15 15 15 15 15 15 15 15 15 15   15 15 15 15 15 15 15 15 15 15   15 15 15 15 15 15 15 15 15 15   15 15 15 15 15 15 15 15 15 15   
186b  15 15 15 15 15 15 15 15 15 15   15 15 15 15 15 15 15 15 15 15   15 15 15 15 15 15 15 15 15 15   15 15 15 15 15 15 15 15 15 15   
187a  15 15 15 15 15 15 15 15 15 15   15 15 15 15 15 15 15 15 15 15   15 15 15 15 15 15 15 15 15 15   15 15 15 15 15 15 15 15 15 15   
187b  15 15 15 15 15 15 15 15 15 15   15 15 15 15 15 15 15 15 15 15   15 15 15 15 15 15 15 15 15 15   15 15 15 15 15 15 15 15 15 15   
188a  15 15 15 15 15 15 15 15 15 15   15 15 15 15 15 15 15 15 15 15   15 15 15 15 15 15 15 15 15 15   15 15 15 15 15 15 15 15 15 15   
188b  15 15 15 15 15 15 15 15 15 15   15 15 15 15 15 15 15 15 15 15   15 15 15 15 15 15 15 15 15 15   15 15 15 15 15 15 15 15 15 15   
189a  15 15 15 15 15 15 15 15 15 15   15 15 15 15 15 15 15 15 15 15   15 15 15 15 15 15 15 15 15 15   15 15 15 15 15 15 15 15 15 15   
189b  15 15 15 15 15 15 15 15 15 15   15 15 15 15 15 15 15 15 15 15   15 15 15 15 15 15 15 15 15 15   15 15 15 15 15 15 15 15 15 15   
190a  15 15 15 15 15 15 15 15 15 15   15 15 15 15 15 15 15 15 15 15   15 15 15 15 15 15 15 15 15 15   15 15 15 15 15 15 15 15 15 15   
190b  15 15 15 15 15 15 15 15 15 15   15 15 15 15 15 15 15 15 15 15   15 15 15 15 15 15 15 15 15 15   15 15 15 15 15 15 15 15 15 15   
191a  15 15 15 15 15 15 15 15 15 15   15 15 15 15 15 15 15 15 15 15   15 15 15 15 15 15 15 15 15 15   15 15 15 15 15 15 15 15 15 15   
191b  15 15 15 15 15 15 15 15 15 15   15 15 15 15 15 15 15 15 15 15   15 15 15 15 15 15 15 15 15 15   15 15 15 15 15 15 15 15 15 15   
192a  15 15 15 15 15 15 15 15 15 15   15 15 15 15 15 15 15 15 15 15   15 15 15 15 15 15 15 15 15 15   15 15 15 15 15 15 15 15 15 15   
192b  15 15 15 15 15 15 15 15 15 15   15 15 15 15 15 15 15 15 15 15   15 15 15 15 15 15 15 15 15 15   15 15 15 15 15 15 15 15 15 15   
193a  15 15 15 15 15 15 15 15 15 15   15 15 15 15 15 15 15 15 15 15   15 15 15 15 15 15 15 15 15 15   15 15 15 15 15 15 15 15 15 15   
193b  15 15 15 15 15 15 15 15 15 15   15 15 15 15 15 15 15 15 15 15   15 15 15 15 15 15 15 15 15 15   15 15 15 15 15 15 15 15 15 15   
194a  15 15 15 15 15 15 15 15 15 15   15 15 15 15 15 15 15 15 15 15   15 15 15 15 15 15 15 15 15 15   15 15 15 15 15 15 15 15 15 15   
194b  15 15 15 15 15 15 15 15 15 15   15 15 15 15 15 15 15 15 15 15   15 15 15 15 15 15 15 15 15 15   15 15 15 15 15 15 15 15 15 15   
195a  15 15 15 15 15 15 15 15 15 15   15 15 15 15 15 15 15 15 15 15   15 15 15 15 15 15 15 15 15 15   15 15 15 15 15 15 15 15 15 15   
195b  15 15 15 15 15 15 15 15 15 15   15 15 15 15 15 15 15 15 15 15   15 15 15 15 15 15 15 15 15 15   15 15 15 15 15 15 15 15 15 15   
196a  15 15 15 15 15 15 15 15 15 15   15 15 15 15 15 15 15 15 15 15   15 15 15 15 15 15 15 15 15 15   15 15 15 15 15 15 15 15 15 15   
196b  15 15 15 15 15 15 15 15 15 15   15 15 15 15 15 15 15 15 15 15   15 15 15 15 15 15 15 15 15 15   15 15 15 15 15 15 15 15 15 15   
197a  15 15 15 15 15 15 15 15 15 15   15 15 15 15 15 15 15 15 15 15   15 15 15 15 15 15 15 15 15 15   15 15 15 15 15 15 15 15 15 15   
197b  15 15 15 15 15 15 15 15 15 15   15 15 15 15 15 15 15 15 15 15   15 15 15 15 15 15 15 15 15 15   15 15 15 15 15 15 15 15 15 15   
198a  15 15 15 15 15 15 15 15 15 15   15 15 15 15 15 15 15 15 15 15   15 15 15 15 15 15 15 15 15 15   15 15 15 15 15 15 15 15 15 15   
198b  15 15 15 15 15 15 15 15 15 15   15 15 15 15 15 15 15 15 15 15   15 15 15 15 15 15 15 15 15 15   15 15 15 15 15 15 15 15 15 15   
199a  15 15 15 15 15 15 15 15 15 15   15 15 15 15 15 15 15 15 15 15   15 15 15 15 15 15 15 15 15 15   15 15 15 15 15 15 15 15 15 15   
199b  15 15 15 15 15 15 15 15 15 15   15 15 15 15 15 15 15 15 15 15   15 15 15 15 15 15 15 15 15 15   15 15 15 15 15 15 15 15 15 15   
200a  15 15 15 15 15 15 15 15 15 15   15 15 15 15 15 15 15 15 15 15   15 15 15 15 15 15 15 15 15 15   15 15 15 15 15 15 15 15 15 15   
200b  15 15 15 15 15 15 15 15 15 15   15 15 15 15 15 15 15 15 15 15   15 15 15 15 15 15 15 15 15 15   15 15 15 15 15 15 15 15 15 15   
201a  15 15 15 15 15 15 15 15 15 15   15 15 15 15 15 15 15 15 15 15   15 15 15 15 15 15 15 15 15 15   15 15 15 15 15 15 15 15 15 15   
201b  15 15 15 15 15 15 15 15 15 15   15 15 15 15 15 15 15 15 15 15   15 15 15 15 15 15 15 15 15 15   15 15 15 15 15 15 15 15 15 15   
202a  15 15 15 15 15 15 15 15 15 15   15 15 15 15 15 15 15 15 15 15   15 15 15 15 15 15 15 15 15 15   15 15 15 15 15 15 15 15 15 15   
202b  15 15 15 15 15 15 15 15 15 15   15 15 15 15 15 15 15 15 15 15   15 15 15 15 15 15 15 15 15 15   15 15 15 15 15 15 15 15 15 15   
203a  15 15 15 15 15 15 15 15 15 15   15 15 15 15 15 15 15 15 15 15   15 15 15 15 15 15 15 15 15 15   15 15 15 15 15 15 15 15 15 15   
203b  15 15 15 15 15 15 15 15 15 15   15 15 15 15 15 15 15 15 15 15   15 15 15 15 15 15 15 15 15 15   15 15 15 15 15 15 15 15 15 15   
204a  15 15 15 15 15 15 15 15 15 15   15 15 15 15 15 15 15 15 15 15   15 15 15 15 15 15 15 15 15 15   15 15 15 15 15 15 15 15 15 15   
204b  15 15 15 15 15 15 15 15 15 15   15 15 15 15 15 15 15 15 15 15   15 15 15 15 15 15 15 15 15 15   15 15 15 15 15 15 15 15 15 15   
205a  15 15 15 15 15 15 15 15 15 15   15 15 15 15 15 15 15 15 15 15   15 15 15 15 15 15 15 15 15 15   15 15 15 15 15 15 15 15 15 15   
205b  15 15 15 15 15 15 15 15 15 15   15 15 15 15 15 15 15 15 15 15   15 15 15 15 15 15 15 15 15 15   15 15 15 15 15 15 15 15 15 15   
206a  15 15 15 15 15 15 15 15 15 15   15 15 15 15 15 15 15 15 15 15   15 15 15 15 15 15 15 15 15 15   15 15 15 15 15 15 15 15 15 15   
206b  15 15 15 15 15 15 15 15 15 15   15 15 15 15 15 15 15 15 15 15   15 15 15 15 15 15 15 15 15 15   15 15 15 15 15 15 15 15 15 15   
207a  15 15 15 15 15 15 15 15 15 15   15 15 15 15 15 15 15 15 15 15   15 15 15 15 15 15 15 15 15 15   15 15 15 15 15 15 15 15 15 15   
207b  15 15 15 15 15 15 15 15 15 15   15 15 15 15 15 15 15 15 15 15   15 15 15 15 15 15 15 15 15 15   15 15 15 15 15 15 15 15 15 15   
208a  15 15 15 15 15 15 15 15 15 15   15 15 15 15 15 15 15 15 15 15   15 15 15 15 15 15 15 15 15 15   15 15 15 15 15 15 15 15 15 15   
208b  15 15 15 15 15 15 15 15 15 15   15 15 15 15 15 15 15 15 15 15   15 15 15 15 15 15 15 15 15 15   15 15 15 15 15 15 15 15 15 15   
209a  15 15 15 15 15 15 15 15 15 15   15 15 15 15 15 15 15 15 15 15   15 15 15 15 15 15 15 15 15 15   15 15 15 15 15 15 15 15 15 15   
209b  15 15 15 15 15 15 15 15 15 15   15 15 15 15 15 15 15 15 15 15   15 15 15 15 15 15 15 15 15 15   15 15 15 15 15 15 15 15 15 15   
210a  15 15 15 15 15 15 15 15 15 15   15 15 15 15 15 15 15 15 15 15   15 15 15 15 15 15 15 15 15 15   15 15 15 15 15 15 15 15 15 15   
210b  15 15 15 15 15 15 15 15 15 15   15 15 15 15 15 15 15 15 15 15   15 15 15 15 15 15 15 15 15 15   15 15 15 15 15 15 15 15 15 15   
211a  15 15 15 15 15 15 15 15 15 15   15 15 15 15 15 15 15 15 15 15   15 15 15 15 15 15 15 15 15 15   15 15 15 15 15 15 15 15 15 15   
211b  15 15 15 15 15 15 15 15 15 15   15 15 15 15 15 15 15 15 15 15   15 15 15 15 15 15 15 15 15 15   15 15 15 15 15 15 15 15 15 15   
212a  15 15 15 15 15 15 15 15 15 15   15 15 15 15 15 15 15 15 15 15   15 15 15 15 15 15 15 15 15 15   15 15 15 15 15 15 15 15 15 15   
212b  15 15 15 15 15 15 15 15 15 15   15 15 15 15 15 15 15 15 15 15   15 15 15 15 15 15 15 15 15 15   15 15 15 15 15 15 15 15 15 15   
213a  15 15 15 15 15 15 15 15 15 15   15 15 15 15 15 15 15 15 15 15   15 15 15 15 15 15 15 15 15 15   15 15 15 15 15 15 15 15 15 15   
213b  15 15 15 15 15 15 15 15 15 15   15 15 15 15 15 15 15 15 15 15   15 15 15 15 15 15 15 15 15 15   15 15 15 15 15 15 15 15 15 15   
214a  15 15 15 15 15 15 15 15 15 15   15 15 15 15 15 15 15 15 15 15   15 15 15 15 15 15 15 15 15 15   15 15 15 15 15 15 15 15 15 15   
214b  15 15 15 15 15 15 15 15 15 15   15 15 15 15 15 15 15 15 15 15   15 15 15 15 15 15 15 15 15 15   15 15 15 15 15 15 15 15 15 15   
215a  15 15 15 15 15 15 15 15 15 15   15 15 15 15 15 15 15 15 15 15   15 15 15 15 15 15 15 15 15 15   15 15 15 15 15 15 15 15 15 15   
215b  15 15 15 15 15 15 15 15 15 15   15 15 15 15 15 15 15 15 15 15   15 15 15 15 15 15 15 15 15 15   15 15 15 15 15 15 15 15 15 15   
216a  15 15 15 15 15 15 15 15 15 15   15 15 15 15 15 15 15 15 15 15   15 15 15 15 15 15 15 15 15 15   15 15 15 15 15 15 15 15 15 15   
216b  15 15 15 15 15 15 15 15 15 15   15 15 15 15 15 15 15 15 15 15   15 15 15 15 15 15 15 15 15 15   15 15 15 15 15 15 15 15 15 15   
217a  15 15 15 15 15 15 15 15 15 15   15 15 15 15 15 15 15 15 15 15   15 15 15 15 15 15 15 15 15 15   15 15 15 15 15 15 15 15 15 15   
217b  15 15 15 15 15 15 15 15 15 15   15 15 15 15 15 15 15 15 15 15   15 15 15 15 15 15 15 15 15 15   15 15 15 15 15 15 15 15 15 15   
218a  15 15 15 15 15 15 15 15 15 15   15 15 15 15 15 15 15 15 15 15   15 15 15 15 15 15 15 15 15 15   15 15 15 15 15 15 15 15 15 15   
218b  15 15 15 15 15 15 15 15 15 15   15 15 15 15 15 15 15 15 15 15   15 15 15 15 15 15 15 15 15 15   15 15 15 15 15 15 15 15 15 15   
219a  15 15 15 15 15 15 15 15 15 15   15 15 15 15 15 15 15 15 15 15   15 15 15 15 15 15 15 15 15 15   15 15 15 15 15 15 15 15 15 15   
219b  15 15 15 15 15 15 15 15 15 15   15 15 15 15 15 15 15 15 15 15   15 15 15 15 15 15 15 15 15 15   15 15 15 15 15 15 15 15 15 15   
220a  15 15 15 15 15 15 15 15 15 15   15 15 15 15 15 15 15 15 15 15   15 15 15 15 15 15 15 15 15 15   15 15 15 15 15 15 15 15 15 15   
220b  15 15 15 15 15 15 15 15 15 15   15 15 15 15 15 15 15 15 15 15   15 15 15 15 15 15 15 15 15 15   15 15 15 15 15 15 15 15 15 15   
221a  15 15 15 15 15 15 15 15 15 15   15 15 15 15 15 15 15 15 15 15   15 15 15 15 15 15 15 15 15 15   15 15 15 15 15 15 15 15 15 15   
221b  15 15 15 15 15 15 15 15 15 15   15 15 15 15 15 15 15 15 15 15   15 15 15 15 15 15 15 15 15 15   15 15 15 15 15 15 15 15 15 15   
222a  15 15 15 15 15 15 15 15 15 15   15 15 15 15 15 15 15 15 15 15   15 15 15 15 15 15 15 15 15 15   15 15 15 15 15 15 15 15 15 15   
222b  15 15 15 15 15 15 15 15 15 15   15 15 15 15 15 15 15 15 15 15   15 15 15 15 15 15 15 15 15 15   15 15 15 15 15 15 15 15 15 15   
223a  15 15 15 15 15 15 15 15 15 15   15 15 15 15 15 15 15 15 15 15   15 15 15 15 15 15 15 15 15 15   15 15 15 15 15 15 15 15 15 15   
223b  15 15 15 15 15 15 15 15 15 15   15 15 15 15 15 15 15 15 15 15   15 15 15 15 15 15 15 15 15 15   15 15 15 15 15 15 15 15 15 15   
224a  15 15 15 15 15 15 15 15 15 15   15 15 15 15 15 15 15 15 15 15   15 15 15 15 15 15 15 15 15 15   15 15 15 15 15 15 15 15 15 15   
224b  15 15 15 15 15 15 15 15 15 15   15 15 15 15 15 15 15 15 15 15   15 15 15 15 15 15 15 15 15 15   15 15 15 15 15 15 15 15 15 15   
225a  15 15 15 15 15 15 15 15 15 15   15 15 15 15 15 15 15 15 15 15   15 15 15 15 15 15 15 15 15 15   15 15 15 15 15 15 15 15 15 15   
225b  15 15 15 15 15 15 15 15 15 15   15 15 15 15 15 15 15 15 15 15   15 15 15 15 15 15 15 15 15 15   15 15 15 15 15 15 15 15 15 15   
226a  15 15 15 15 15 15 15 15 15 15   15 15 15 15 15 15 15 15 15 15   15 15 15 15 15 15 15 15 15 15   15 15 15 15 15 15 15 15 15 15   
226b  15 15 15 15 15 15 15 15 15 15   15 15 15 15 15 15 15 15 15 15   15 15 15 15 15 15 15 15 15 15   15 15 15 15 15 15 15 15 15 15   
227a  15 15 15 15 15 15 15 15 15 15   15 15 15 15 15 15 15 15 15 15   15 15 15 15 15 15 15 15 15 15   15 15 15 15 15 15 15 15 15 15   
227b  15 15 15 15 15 15 15 15 15 15   15 15 15 15 15 15 15 15 15 15   15 15 15 15 15 15 15 15 15 15   15 15 15 15 15 15 15 15 15 15   
228a  15 15 15 15 15 15 15 15 15 15   15 15 15 15 15 15 15 15 15 15   15 15 15 15 15 15 15 15 15 15   15 15 15 15 15 15 15 15 15 15   
228b  15 15 15 15 15 15 15 15 15 15   15 15 15 15 15 15 15 15 15 15   15 15 15 15 15 15 15 15 15 15   15 15 15 15 15 15 15 15 15 15   
229a  15 15 15 15 15 15 15 15 15 15   15 15 15 15 15 15 15 15 15 15   15 15 15 15 15 15 15 15 15 15   15 15 15 15 15 15 15 15 15 15   
229b  15 15 15 15 15 15 15 15 15 15   15 15 15 15 15 15 15 15 15 15   15 15 15 15 15 15 15 15 15 15   15 15 15 15 15 15 15 15 15 15   
230a  15 15 15 15 15 15 15 15 15 15   15 15 15 15 15 15 15 15 15 15   15 15 15 15 15 15 15 15 15 15   15 15 15 15 15 15 15 15 15 15   
230b  15 15 15 15 15 15 15 15 15 15   15 15 15 15 15 15 15 15 15 15   15 15 15 15 15 15 15 15 15 15   15 15 15 15 15 15 15 15 15 15   
231a  15 15 15 15 15 15 15 15 15 15   15 15 15 15 15 15 15 15 15 15   15 15 15 15 15 15 15 15 15 15   15 15 15 15 15 15 15 15 15 15   
231b  15 15 15 15 15 15 15 15 15 15   15 15 15 15 15 15 15 15 15 15   15 15 15 15 15 15 15 15 15 15   15 15 15 15 15 15 15 15 15 15   
232a  15 15 15 15 15 15 15 15 15 15   15 15 15 15 15 15 15 15 15 15   15 15 15 15 15 15 15 15 15 15   15 15 15 15 15 15 15 15 15 15   
232b  15 15 15 15 15 15 15 15 15 15   15 15 15 15 15 15 15 15 15 15   15 15 15 15 15 15 15 15 15 15   15 15 15 15 15 15 15 15 15 15   
233a  15 15 15 15 15 15 15 15 15 15   15 15 15 15 15 15 15 15 15 15   15 15 15 15 15 15 15 15 15 15   15 15 15 15 15 15 15 15 15 15   
233b  15 15 15 15 15 15 15 15 15 15   15 15 15 15 15 15 15 15 15 15   15 15 15 15 15 15 15 15 15 15   15 15 15 15 15 15 15 15 15 15   
234a  15 15 15 15 15 15 15 15 15 15   15 15 15 15 15 15 15 15 15 15   15 15 15 15 15 15 15 15 15 15   15 15 15 15 15 15 15 15 15 15   
234b  15 15 15 15 15 15 15 15 15 15   15 15 15 15 15 15 15 15 15 15   15 15 15 15 15 15 15 15 15 15   15 15 15 15 15 15 15 15 15 15   
235a  15 15 15 15 15 15 15 15 15 15   15 15 15 15 15 15 15 15 15 15   15 15 15 15 15 15 15 15 15 15   15 15 15 15 15 15 15 15 15 15   
235b  15 15 15 15 15 15 15 15 15 15   15 15 15 15 15 15 15 15 15 15   15 15 15 15 15 15 15 15 15 15   15 15 15 15 15 15 15 15 15 15   
236a  15 15 15 15 15 15 15 15 15 15   15 15 15 15 15 15 15 15 15 15   15 15 15 15 15 15 15 15 15 15   15 15 15 15 15 15 15 15 15 15   
236b  15 15 15 15 15 15 15 15 15 15   15 15 15 15 15 15 15 15 15 15   15 15 15 15 15 15 15 15 15 15   15 15 15 15 15 15 15 15 15 15   
237a  15 15 15 15 15 15 15 15 15 15   15 15 15 15 15 15 15 15 15 15   15 15 15 15 15 15 15 15 15 15   15 15 15 15 15 15 15 15 15 15   
237b  15 15 15 15 15 15 15 15 15 15   15 15 15 15 15 15 15 15 15 15   15 15 15 15 15 15 15 15 15 15   15 15 15 15 15 15 15 15 15 15   
238a  15 15 15 15 15 15 15 15 15 15   15 15 15 15 15 15 15 15 15 15   15 15 15 15 15 15 15 15 15 15   15 15 15 15 15 15 15 15 15 15   
238b  15 15 15 15 15 15 15 15 15 15   15 15 15 15 15 15 15 15 15 15   15 15 15 15 15 15 15 15 15 15   15 15 15 15 15 15 15 15 15 15   
239a  15 15 15 15 15 15 15 15 15 15   15 15 15 15 15 15 15 15 15 15   15 15 15 15 15 15 15 15 15 15   15 15 15 15 15 15 15 15 15 15   
239b  15 15 15 15 15 15 15 15 15 15   15 15 15 15 15 15 15 15 15 15   15 15 15 15 15 15 15 15 15 15   15 15 15 15 15 15 15 15 15 15   
240a  15 15 15 15 15 15 15 15 15 15   15 15 15 15 15 15 15 15 15 15   15 15 15 15 15 15 15 15 15 15   15 15 15 15 15 15 15 15 15 15   
240b  15 15 15 15 15 15 15 15 15 15   15 15 15 15 15 15 15 15 15 15   15 15 15 15 15 15 15 15 15 15   15 15 15 15 15 15 15 15 15 15   
241a  15 15 15 15 15 15 15 15 15 15   15 15 15 15 15 15 15 15 15 15   15 15 15 15 15 15 15 15 15 15   15 15 15 15 15 15 15 15 15 15   
241b  15 15 15 15 15 15 15 15 15 15   15 15 15 15 15 15 15 15 15 15   15 15 15 15 15 15 15 15 15 15   15 15 15 15 15 15 15 15 15 15   
242a  15 15 15 15 15 15 15 15 15 15   15 15 15 15 15 15 15 15 15 15   15 15 15 15 15 15 15 15 15 15   15 15 15 15 15 15 15 15 15 15   
242b  15 15 15 15 15 15 15 15 15 15   15 15 15 15 15 15 15 15 15 15   15 15 15 15 15 15 15 15 15 15   15 15 15 15 15 15 15 15 15 15   
243a  15 15 15 15 15 15 15 15 15 15   15 15 15 15 15 15 15 15 15 15   15 15 15 15 15 15 15 15 15 15   15 15 15 15 15 15 15 15 15 15   
243b  15 15 15 15 15 15 15 15 15 15   15 15 15 15 15 15 15 15 15 15   15 15 15 15 15 15 15 15 15 15   15 15 15 15 15 15 15 15 15 15   
244a  15 15 15 15 15 15 15 15 15 15   15 15 15 15 15 15 15 15 15 15   15 15 15 15 15 15 15 15 15 15   15 15 15 15 15 15 15 15 15 15   
244b  15 15 15 15 15 15 15 15 15 15   15 15 15 15 15 15 15 15 15 15   15 15 15 15 15 15 15 15 15 15   15 15 15 15 15 15 15 15 15 15   
245a  15 15 15 15 15 15 15 15 15 15   15 15 15 15 15 15 15 15 15 15   15 15 15 15 15 15 15 15 15 15   15 15 15 15 15 15 15 15 15 15   
245b  15 15 15 15 15 15 15 15 15 15   15 15 15 15 15 15 15 15 15 15   15 15 15 15 15 15 15 15 15 15   15 15 15 15 15 15 15 15 15 15   
246a  15 15 15 15 15 15 15 15 15 15   15 15 15 15 15 15 15 15 15 15   15 15 15 15 15 15 15 15 15 15   15 15 15 15 15 15 15 15 15 15   
246b  15 15 15 15 15 15 15 15 15 15   15 15 15 15 15 15 15 15 15 15   15 15 15 15 15 15 15 15 15 15   15 15 15 15 15 15 15 15 15 15   
247a  15 15 15 15 15 15 15 15 15 15   15 15 15 15 15 15 15 15 15 15   15 15 15 15 15 15 15 15 15 15   15 15 15 15 15 15 15 15 15 15   
247b  15 15 15 15 15 15 15 15 15 15   15 15 15 15 15 15 15 15 15 15   15 15 15 15 15 15 15 15 15 15   15 15 15 15 15 15 15 15 15 15   
248a  15 15 15 15 15 15 15 15 15 15   15 15 15 15 15 15 15 15 15 15   15 15 15 15 15 15 15 15 15 15   15 15 15 15 15 15 15 15 15 15   
248b  15 15 15 15 15 15 15 15 15 15   15 15 15 15 15 15 15 15 15 15   15 15 15 15 15 15 15 15 15 15   15 15 15 15 15 15 15 15 15 15   
249a  15 15 15 15 15 15 15 15 15 15   15 15 15 15 15 15 15 15 15 15   15 15 15 15 15 15 15 15 15 15   15 15 15 15 15 15 15 15 15 15   
249b  15 15 15 15 15 15 15 15 15 15   15 15 15 15 15 15 15 15 15 15   15 15 15 15 15 15 15 15 15 15   15 15 15 15 15 15 15 15 15 15   
250a  15 15 15 15 15 15 15 15 15 15   15 15 15 15 15 15 15 15 15 15   15 15 15 15 15 15 15 15 15 15   15 15 15 15 15 15 15 15 15 15   
250b  15 15 15 15 15 15 15 15 15 15   15 15 15 15 15 15 15 15 15 15   15 15 15 15 15 15 15 15 15 15   15 15 15 15 15 15 15 15 15 15   
251a  15 15 15 15 15 15 15 15 15 15   15 15 15 15 15 15 15 15 15 15   15 15 15 15 15 15 15 15 15 15   15 15 15 15 15 15 15 15 15 15   
251b  15 15 15 15 15 15 15 15 15 15   15 15 15 15 15 15 15 15 15 15   15 15 15 15 15 15 15 15 15 15   15 15 15 15 15 15 15 15 15 15   
252a  15 15 15 15 15 15 15 15 15 15   15 15 15 15 15 15 15 15 15 15   15 15 15 15 15 15 15 15 15 15   15 15 15 15 15 15 15 15 15 15   
252b  15 15 15 15 15 15 15 15 15 15   15 15 15 15 15 15 15 15 15 15   15 15 15 15 15 15 15 15 15 15   15 15 15 15 15 15 15 15 15 15   
253a  15 15 15 15 15 15 15 15 15 15   15 15 15 15 15 15 15 15 15 15   15 15 15 15 15 15 15 15 15 15   15 15 15 15 15 15 15 15 15 15   
253b  15 15 15 15 15 15 15 15 15 15   15 15 15 15 15 15 15 15 15 15   15 15 15 15 15 15 15 15 15 15   15 15 15 15 15 15 15 15 15 15   
254a  15 15 15 15 15 15 15 15 15 15   15 15 15 15 15 15 15 15 15 15   15 15 15 15 15 15 15 15 15 15   15 15 15 15 15 15 15 15 15 15   
254b  15 15 15 15 15 15 15 15 15 15   15 15 15 15 15 15 15 15 15 15   15 15 15 15 15 15 15 15 15 15   15 15 15 15 15 15 15 15 15 15   
255a  15 15 15 15 15 15 15 15 15 15   15 15 15 15 15 15 15 15 15 15   15 15 15 15 15 15 15 15 15 15   15 15 15 15 15 15 15 15 15 15   
255b  15 15 15 15 15 15 15 15 15 15   15 15 15 15 15 15 15 15 15 15   15 15 15 15 15 15 15 15 15 15   15 15 15 15 15 15 15 15 15 15   
256a  15 15 15 15 15 15 15 15 15 15   15 15 15 15 15 15 15 15 15 15   15 15 15 15 15 15 15 15 15 15   15 15 15 15 15 15 15 15 15 15   
256b  15 15 15 15 15 15 15 15 15 15   15 15 15 15 15 15 15 15 15 15   15 15 15 15 15 15 15 15 15 15   15 15 15 15 15 15 15 15 15 15   
257a  15 15 15 15 15 15 15 15 15 15   15 15 15 15 15 15 15 15 15 15   15 15 15 15 15 15 15 15 15 15   15 15 15 15 15 15 15 15 15 15   
257b  15 15 15 15 15 15 15 15 15 15   15 15 15 15 15 15 15 15 15 15   15 15 15 15 15 15 15 15 15 15   15 15 15 15 15 15 15 15 15 15   
258a  15 15 15 15 15 15 15 15 15 15   15 15 15 15 15 15 15 15 15 15   15 15 15 15 15 15 15 15 15 15   15 15 15 15 15 15 15 15 15 15   
258b  15 15 15 15 15 15 15 15 15 15   15 15 15 15 15 15 15 15 15 15   15 15 15 15 15 15 15 15 15 15   15 15 15 15 15 15 15 15 15 15   
259a  15 15 15 15 15 15 15 15 15 15   15 15 15 15 15 15 15 15 15 15   15 15 15 15 15 15 15 15 15 15   15 15 15 15 15 15 15 15 15 15   
259b  15 15 15 15 15 15 15 15 15 15   15 15 15 15 15 15 15 15 15 15   15 15 15 15 15 15 15 15 15 15   15 15 15 15 15 15 15 15 15 15   
260a  15 15 15 15 15 15 15 15 15 15   15 15 15 15 15 15 15 15 15 15   15 15 15 15 15 15 15 15 15 15   15 15 15 15 15 15 15 15 15 15   
260b  15 15 15 15 15 15 15 15 15 15   15 15 15 15 15 15 15 15 15 15   15 15 15 15 15 15 15 15 15 15   15 15 15 15 15 15 15 15 15 15   
261a  15 15 15 15 15 15 15 15 15 15   15 15 15 15 15 15 15 15 15 15   15 15 15 15 15 15 15 15 15 15   15 15 15 15 15 15 15 15 15 15   
261b  15 15 15 15 15 15 15 15 15 15   15 15 15 15 15 15 15 15 15 15   15 15 15 15 15 15 15 15 15 15   15 15 15 15 15 15 15 15 15 15   
262a  15 15 15 15 15 15 15 15 15 15   15 15 15 15 15 15 15 15 15 15   15 15 15 15 15 15 15 15 15 15   15 15 15 15 15 15 15 15 15 15   
262b  15 15 15 15 15 15 15 15 15 15   15 15 15 15 15 15 15 15 15 15   15 15 15 15 15 15 15 15 15 15   15 15 15 15 15 15 15 15 15 15   
263a  15 15 15 15 15 15 15 15 15 15   15 15 15 15 15 15 15 15 15 15   15 15 15 15 15 15 15 15 15 15   15 15 15 15 15 15 15 15 15 15   
263b  15 15 15 15 15 15 15 15 15 15   15 15 15 15 15 15 15 15 15 15   15 15 15 15 15 15 15 15 15 15   15 15 15 15 15 15 15 15 15 15   
264a  15 15 15 15 15 15 15 15 15 15   15 15 15 15 15 15 15 15 15 15   15 15 15 15 15 15 15 15 15 15   15 15 15 15 15 15 15 15 15 15   
264b  15 15 15 15 15 15 15 15 15 15   15 15 15 15 15 15 15 15 15 15   15 15 15 15 15 15 15 15 15 15   15 15 15 15 15 15 15 15 15 15   
265a  15 15 15 15 15 15 15 15 15 15   15 15 15 15 15 15 15 15 15 15   15 15 15 15 15 15 15 15 15 15   15 15 15 15 15 15 15 15 15 15   
265b  15 15 15 15 15 15 15 15 15 15   15 15 15 15 15 15 15 15 15 15   15 15 15 15 15 15 15 15 15 15   15 15 15 15 15 15 15 15 15 15   
266a  15 15 15 15 15 15 15 15 15 15   15 15 15 15 15 15 15 15 15 15   15 15 15 15 15 15 15 15 15 15   15 15 15 15 15 15 15 15 15 15   
266b  15 15 15 15 15 15 15 15 15 15   15 15 15 15 15 15 15 15 15 15   15 15 15 15 15 15 15 15 15 15   15 15 15 15 15 15 15 15 15 15   
267a  15 15 15 15 15 15 15 15 15 15   15 15 15 15 15 15 15 15 15 15   15 15 15 15 15 15 15 15 15 15   15 15 15 15 15 15 15 15 15 15   
267b  15 15 15 15 15 15 15 15 15 15   15 15 15 15 15 15 15 15 15 15   15 15 15 15 15 15 15 15 15 15   15 15 15 15 15 15 15 15 15 15   
268a  15 15 15 15 15 15 15 15 15 15   15 15 15 15 15 15 15 15 15 15   15 15 15 15 15 15 15 15 15 15   15 15 15 15 15 15 15 15 15 15   
268b  15 15 15 15 15 15 15 15 15 15   15 15 15 15 15 15 15 15 15 15   15 15 15 15 15 15 15 15 15 15   15 15 15 15 15 15 15 15 15 15   
269a  15 15 15 15 15 15 15 15 15 15   15 15 15 15 15 15 15 15 15 15   15 15 15 15 15 15 15 15 15 15   15 15 15 15 15 15 15 15 15 15   
269b  15 15 15 15 15 15 15 15 15 15   15 15 15 15 15 15 15 15 15 15   15 15 15 15 15 15 15 15 15 15   15 15 15 15 15 15 15 15 15 15   
270a  15 15 15 15 15 15 15 15 15 15   15 15 15 15 15 15 15 15 15 15   15 15 15 15 15 15 15 15 15 15   15 15 15 15 15 15 15 15 15 15   
270b  15 15 15 15 15 15 15 15 15 15   15 15 15 15 15 15 15 15 15 15   15 15 15 15 15 15 15 15 15 15   15 15 15 15 15 15 15 15 15 15   
271a  15 15 15 15 15 15 15 15 15 15   15 15 15 15 15 15 15 15 15 15   15 15 15 15 15 15 15 15 15 15   15 15 15 15 15 15 15 15 15 15   
271b  15 15 15 15 15 15 15 15 15 15   15 15 15 15 15 15 15 15 15 15   15 15 15 15 15 15 15 15 15 15   15 15 15 15 15 15 15 15 15 15   
272a  15 15 15 15 15 15 15 15 15 15   15 15 15 15 15 15 15 15 15 15   15 15 15 15 15 15 15 15 15 15   15 15 15 15 15 15 15 15 15 15   
272b  15 15 15 15 15 15 15 15 15 15   15 15 15 15 15 15 15 15 15 15   15 15 15 15 15 15 15 15 15 15   15 15 15 15 15 15 15 15 15 15   
273a  15 15 15 15 15 15 15 15 15 15   15 15 15 15 15 15 15 15 15 15   15 15 15 15 15 15 15 15 15 15   15 15 15 15 15 15 15 15 15 15   
273b  15 15 15 15 15 15 15 15 15 15   15 15 15 15 15 15 15 15 15 15   15 15 15 15 15 15 15 15 15 15   15 15 15 15 15 15 15 15 15 15   
274a  15 15 15 15 15 15 15 15 15 15   15 15 15 15 15 15 15 15 15 15   15 15 15 15 15 15 15 15 15 15   15 15 15 15 15 15 15 15 15 15   
274b  15 15 15 15 15 15 15 15 15 15   15 15 15 15 15 15 15 15 15 15   15 15 15 15 15 15 15 15 15 15   15 15 15 15 15 15 15 15 15 15   
275a  15 15 15 15 15 15 15 15 15 15   15 15 15 15 15 15 15 15 15 15   15 15 15 15 15 15 15 15 15 15   15 15 15 15 15 15 15 15 15 15   
275b  15 15 15 15 15 15 15 15 15 15   15 15 15 15 15 15 15 15 15 15   15 15 15 15 15 15 15 15 15 15   15 15 15 15 15 15 15 15 15 15   
276a  15 15 15 15 15 15 15 15 15 15   15 15 15 15 15 15 15 15 15 15   15 15 15 15 15 15 15 15 15 15   15 15 15 15 15 15 15 15 15 15   
276b  15 15 15 15 15 15 15 15 15 15   15 15 15 15 15 15 15 15 15 15   15 15 15 15 15 15 15 15 15 15   15 15 15 15 15 15 15 15 15 15   
277a  15 15 15 15 15 15 15 15 15 15   15 15 15 15 15 15 15 15 15 15   15 15 15 15 15 15 15 15 15 15   15 15 15 15 15 15 15 15 15 15   
277b  15 15 15 15 15 15 15 15 15 15   15 15 15 15 15 15 15 15 15 15   15 15 15 15 15 15 15 15 15 15   15 15 15 15 15 15 15 15 15 15   
278a  15 15 15 15 15 15 15 15 15 15   15 15 15 15 15 15 15 15 15 15   15 15 15 15 15 15 15 15 15 15   15 15 15 15 15 15 15 15 15 15   
278b  15 15 15 15 15 15 15 15 15 15   15 15 15 15 15 15 15 15 15 15   15 15 15 15 15 15 15 15 15 15   15 15 15 15 15 15 15 15 15 15   
279a  15 15 15 15 15 15 15 15 15 15   15 15 15 15 15 15 15 15 15 15   15 15 15 15 15 15 15 15 15 15   15 15 15 15 15 15 15 15 15 15   
279b  15 15 15 15 15 15 15 15 15 15   15 15 15 15 15 15 15 15 15 15   15 15 15 15 15 15 15 15 15 15   15 15 15 15 15 15 15 15 15 15   
280a  15 15 15 15 15 15 15 15 15 15   15 15 15 15 15 15 15 15 15 15   15 15 15 15 15 15 15 15 15 15   15 15 15 15 15 15 15 15 15 15   
280b  15 15 15 15 15 15 15 15 15 15   15 15 15 15 15 15 15 15 15 15   15 15 15 15 15 15 15 15 15 15   15 15 15 15 15 15 15 15 15 15   
281a  15 15 15 15 15 15 15 15 15 15   15 15 15 15 15 15 15 15 15 15   15 15 15 15 15 15 15 15 15 15   15 15 15 15 15 15 15 15 15 15   
281b  15 15 15 15 15 15 15 15 15 15   15 15 15 15 15 15 15 15 15 15   15 15 15 15 15 15 15 15 15 15   15 15 15 15 15 15 15 15 15 15   
282a  15 15 15 15 15 15 15 15 15 15   15 15 15 15 15 15 15 15 15 15   15 15 15 15 15 15 15 15 15 15   15 15 15 15 15 15 15 15 15 15   
282b  15 15 15 15 15 15 15 15 15 15   15 15 15 15 15 15 15 15 15 15   15 15 15 15 15 15 15 15 15 15   15 15 15 15 15 15 15 15 15 15   
283a  15 15 15 15 15 15 15 15 15 15   15 15 15 15 15 15 15 15 15 15   15 15 15 15 15 15 15 15 15 15   15 15 15 15 15 15 15 15 15 15   
283b  15 15 15 15 15 15 15 15 15 15   15 15 15 15 15 15 15 15 15 15   15 15 15 15 15 15 15 15 15 15   15 15 15 15 15 15 15 15 15 15   
284a  15 15 15 15 15 15 15 15 15 15   15 15 15 15 15 15 15 15 15 15   15 15 15 15 15 15 15 15 15 15   15 15 15 15 15 15 15 15 15 15   
284b  15 15 15 15 15 15 15 15 15 15   15 15 15 15 15 15 15 15 15 15   15 15 15 15 15 15 15 15 15 15   15 15 15 15 15 15 15 15 15 15   
285a  15 15 15 15 15 15 15 15 15 15   15 15 15 15 15 15 15 15 15 15   15 15 15 15 15 15 15 15 15 15   15 15 15 15 15 15 15 15 15 15   
285b  15 15 15 15 15 15 15 15 15 15   15 15 15 15 15 15 15 15 15 15   15 15 15 15 15 15 15 15 15 15   15 15 15 15 15 15 15 15 15 15   
286a  15 15 15 15 15 15 15 15 15 15   15 15 15 15 15 15 15 15 15 15   15 15 15 15 15 15 15 15 15 15   15 15 15 15 15 15 15 15 15 15   
286b  15 15 15 15 15 15 15 15 15 15   15 15 15 15 15 15 15 15 15 15   15 15 15 15 15 15 15 15 15 15   15 15 15 15 15 15 15 15 15 15   
287a  15 15 15 15 15 15 15 15 15 15   15 15 15 15 15 15 15 15 15 15   15 15 15 15 15 15 15 15 15 15   15 15 15 15 15 15 15 15 15 15   
287b  15 15 15 15 15 15 15 15 15 15   15 15 15 15 15 15 15 15 15 15   15 15 15 15 15 15 15 15 15 15   15 15 15 15 15 15 15 15 15 15   
288a  15 15 15 15 15 15 15 15 15 15   15 15 15 15 15 15 15 15 15 15   15 15 15 15 15 15 15 15 15 15   15 15 15 15 15 15 15 15 15 15   
288b  15 15 15 15 15 15 15 15 15 15   15 15 15 15 15 15 15 15 15 15   15 15 15 15 15 15 15 15 15 15   15 15 15 15 15 15 15 15 15 15   
289a  15 15 15 15 15 15 15 15 15 15   15 15 15 15 15 15 15 15 15 15   15 15 15 15 15 15 15 15 15 15   15 15 15 15 15 15 15 15 15 15   
289b  15 15 15 15 15 15 15 15 15 15   15 15 15 15 15 15 15 15 15 15   15 15 15 15 15 15 15 15 15 15   15 15 15 15 15 15 15 15 15 15   
290a  15 15 15 15 15 15 15 15 15 15   15 15 15 15 15 15 15 15 15 15   15 15 15 15 15 15 15 15 15 15   15 15 15 15 15 15 15 15 15 15   
290b  15 15 15 15 15 15 15 15 15 15   15 15 15 15 15 15 15 15 15 15   15 15 15 15 15 15 15 15 15 15   15 15 15 15 15 15 15 15 15 15   
291a  15 15 15 15 15 15 15 15 15 15   15 15 15 15 15 15 15 15 15 15   15 15 15 15 15 15 15 15 15 15   15 15 15 15 15 15 15 15 15 15   
291b  15 15 15 15 15 15 15 15 15 15   15 15 15 15 15 15 15 15 15 15   15 15 15 15 15 15 15 15 15 15   15 15 15 15 15 15 15 15 15 15   
292a  15 15 15 15 15 15 15 15 15 15   15 15 15 15 15 15 15 15 15 15   15 15 15 15 15 15 15 15 15 15   15 15 15 15 15 15 15 15 15 15   
292b  15 15 15 15 15 15 15 15 15 15   15 15 15 15 15 15 15 15 15 15   15 15 15 15 15 15 15 15 15 15   15 15 15 15 15 15 15 15 15 15   
293a  15 15 15 15 15 15 15 15 15 15   15 15 15 15 15 15 15 15 15 15   15 15 15 15 15 15 15 15 15 15   15 15 15 15 15 15 15 15 15 15   
293b  15 15 15 15 15 15 15 15 15 15   15 15 15 15 15 15 15 15 15 15   15 15 15 15 15 15 15 15 15 15   15 15 15 15 15 15 15 15 15 15   
294a  15 15 15 15 15 15 15 15 15 15   15 15 15 15 15 15 15 15 15 15   15 15 15 15 15 15 15 15 15 15   15 15 15 15 15 15 15 15 15 15   
294b  15 15 15 15 15 15 15 15 15 15   15 15 15 15 15 15 15 15 15 15   15 15 15 15 15 15 15 15 15 15   15 15 15 15 15 15 15 15 15 15   
295a  15 15 15 15 15 15 15 15 15 15   15 15 15 15 15 15 15 15 15 15   15 15 15 15 15 15 15 15 15 15   15 15 15 15 15 15 15 15 15 15   
295b  15 15 15 15 15 15 15 15 15 15   15 15 15 15 15 15 15 15 15 15   15 15 15 15 15 15 15 15 15 15   15 15 15 15 15 15 15 15 15 15   
296a  15 15 15 15 15 15 15 15 15 15   15 15 15 15 15 15 15 15 15 15   15 15 15 15 15 15 15 15 15 15   15 15 15 15 15 15 15 15 15 15   
296b  15 15 15 15 15 15 15 15 15 15   15 15 15 15 15 15 15 15 15 15   15 15 15 15 15 15 15 15 15 15   15 15 15 15 15 15 15 15 15 15   
297a  15 15 15 15 15 15 15 15 15 15   15 15 15 15 15 15 15 15 15 15   15 15 15 15 15 15 15 15 15 15   15 15 15 15 15 15 15 15 15 15   
297b  15 15 15 15 15 15 15 15 15 15   15 15 15 15 15 15 15 15 15 15   15 15 15 15 15 15 15 15 15 15   15 15 15 15 15 15 15 15 15 15   
298a  15 15 15 15 15 15 15 15 15 15   15 15 15 15 15 15 15 15 15 15   15 15 15 15 15 15 15 15 15 15   15 15 15 15 15 15 15 15 15 15   
298b  15 15 15 15 15 15 15 15 15 15   15 15 15 15 15 15 15 15 15 15   15 15 15 15 15 15 15 15 15 15   15 15 15 15 15 15 15 15 15 15   
299a  15 15 15 15 15 15 15 15 15 15   15 15 15 15 15 15 15 15 15 15   15 15 15 15 15 15 15 15 15 15   15 15 15 15 15 15 15 15 15 15   
299b  15 15 15 15 15 15 15 15 15 15   15 15 15 15 15 15 15 15 15 15   15 15 15 15 15 15 15 15 15 15   15 15 15 15 15 15 15 15 15 15   
300a  15 15 15 15 15 15 15 15 15 15   15 15 15 15 15 15 15 15 15 15   15 15 15 15 15 15 15 15 15 15   15 15 15 15 15 15 15 15 15 15   
300b  15 15 15 15 15 15 15 15 15 15   15 15 15 15 15 15 15 15 15 15   15 15 15 15 15 15 15 15 15 15   15 15 15 15 15 15 15 15 15 15   
301a  15 15 15 15 15 15 15 15 15 15   15 15 15 15 15 15 15 15 15 15   15 15 15 15 15 15 15 15 15 15   15 15 15 15 15 15 15 15 15 15   
301b  15 15 15 15 15 15 15 15 15 15   15 15 15 15 15 15 15 15 15 15   15 15 15 15 15 15 15 15 15 15   15 15 15 15 15 15 15 15 15 15   
302a  15 15 15 15 15 15 15 15 15 15   15 15 15 15 15 15 15 15 15 15   15 15 15 15 15 15 15 15 15 15   15 15 15 15 15 15 15 15 15 15   
302b  15 15 15 15 15 15 15 15 15 15   15 15 15 15 15 15 15 15 15 15   15 15 15 15 15 15 15 15 15 15   15 15 15 15 15 15 15 15 15 15   
303a  15 15 15 15 15 15 15 15 15 15   15 15 15 15 15 15 15 15 15 15   15 15 15 15 15 15 15 15 15 15   15 15 15 15 15 15 15 15 15 15   
303b  15 15 15 15 15 15 15 15 15 15   15 15 15 15 15 15 15 15 15 15   15 15 15 15 15 15 15 15 15 15   15 15 15 15 15 15 15 15 15 15   
304a  15 15 15 15 15 15 15 15 15 15   15 15 15 15 15 15 15 15 15 15   15 15 15 15 15 15 15 15 15 15   15 15 15 15 15 15 15 15 15 15   
304b  15 15 15 15 15 15 15 15 15 15   15 15 15 15 15 15 15 15 15 15   15 15 15 15 15 15 15 15 15 15   15 15 15 15 15 15 15 15 15 15   
305a  15 15 15 15 15 15 15 15 15 15   15 15 15 15 15 15 15 15 15 15   15 15 15 15 15 15 15 15 15 15   15 15 15 15 15 15 15 15 15 15   
305b  15 15 15 15 15 15 15 15 15 15   15 15 15 15 15 15 15 15 15 15   15 15 15 15 15 15 15 15 15 15   15 15 15 15 15 15 15 15 15 15   
306a  15 15 15 15 15 15 15 15 15 15   15 15 15 15 15 15 15 15 15 15   15 15 15 15 15 15 15 15 15 15   15 15 15 15 15 15 15 15 15 15   
306b  15 15 15 15 15 15 15 15 15 15   15 15 15 15 15 15 15 15 15 15   15 15 15 15 15 15 15 15 15 15   15 15 15 15 15 15 15 15 15 15   
307a  15 15 15 15 15 15 15 15 15 15   15 15 15 15 15 15 15 15 15 15   15 15 15 15 15 15 15 15 15 15   15 15 15 15 15 15 15 15 15 15   
307b  15 15 15 15 15 15 15 15 15 15   15 15 15 15 15 15 15 15 15 15   15 15 15 15 15 15 15 15 15 15   15 15 15 15 15 15 15 15 15 15   
308a  15 15 15 15 15 15 15 15 15 15   15 15 15 15 15 15 15 15 15 15   15 15 15 15 15 15 15 15 15 15   15 15 15 15 15 15 15 15 15 15   
308b  15 15 15 15 15 15 15 15 15 15   15 15 15 15 15 15 15 15 15 15   15 15 15 15 15 15 15 15 15 15   15 15 15 15 15 15 15 15 15 15   
309a  15 15 15 15 15 15 15 15 15 15   15 15 15 15 15 15 15 15 15 15   15 15 15 15 15 15 15 15 15 15   15 15 15 15 15 15 15 15 15 15   
309b  15 15 15 15 15 15 15 15 15 15   15 15 15 15 15 15 15 15 15 15   15 15 15 15 15 15 15 15 15 15   15 15 15 15 15 15 15 15 15 15   
310a  15 15 15 15 15 15 15 15 15 15   15 15 15 15 15 15 15 15 15 15   15 15 15 15 15 15 15 15 15 15   15 15 15 15 15 15 15 15 15 15   
310b  15 15 15 15 15 15 15 15 15 15   15 15 15 15 15 15 15 15 15 15   15 15 15 15 15 15 15 15 15 15   15 15 15 15 15 15 15 15 15 15   
311a  15 15 15 15 15 15 15 15 15 15   15 15 15 15 15 15 15 15 15 15   15 15 15 15 15 15 15 15 15 15   15 15 15 15 15 15 15 15 15 15   
311b  15 15 15 15 15 15 15 15 15 15   15 15 15 15 15 15 15 15 15 15   15 15 15 15 15 15 15 15 15 15   15 15 15 15 15 15 15 15 15 15   
312a  15 15 15 15 15 15 15 15 15 15   15 15 15 15 15 15 15 15 15 15   15 15 15 15 15 15 15 15 15 15   15 15 15 15 15 15 15 15 15 15   
312b  15 15 15 15 15 15 15 15 15 15   15 15 15 15 15 15 15 15 15 15   15 15 15 15 15 15 15 15 15 15   15 15 15 15 15 15 15 15 15 15   
313a  15 15 15 15 15 15 15 15 15 15   15 15 15 15 15 15 15 15 15 15   15 15 15 15 15 15 15 15 15 15   15 15 15 15 15 15 15 15 15 15   
313b  15 15 15 15 15 15 15 15 15 15   15 15 15 15 15 15 15 15 15 15   15 15 15 15 15 15 15 15 15 15   15 15 15 15 15 15 15 15 15 15   
314a  15 15 15 15 15 15 15 15 15 15   15 15 15 15 15 15 15 15 15 15   15 15 15 15 15 15 15 15 15 15   15 15 15 15 15 15 15 15 15 15   
314b  15 15 15 15 15 15 15 15 15 15   15 15 15 15 15 15 15 15 15 15   15 15 15 15 15 15 15 15 15 15   15 15 15 15 15 15 15 15 15 15   
315a  15 15 15 15 15 15 15 15 15 15   15 15 15 15 15 15 15 15 15 15   15 15 15 15 15 15 15 15 15 15   15 15 15 15 15 15 15 15 15 15   
315b  15 15 15 15 15 15 15 15 15 15   15 15 15 15 15 15 15 15 15 15   15 15 15 15 15 15 15 15 15 15   15 15 15 15 15 15 15 15 15 15   
316a  15 15 15 15 15 15 15 15 15 15   15 15 15 15 15 15 15 15 15 15   15 15 15 15 15 15 15 15 15 15   15 15 15 15 15 15 15 15 15 15   
316b  15 15 15 15 15 15 15 15 15 15   15 15 15 15 15 15 15 15 15 15   15 15 15 15 15 15 15 15 15 15   15 15 15 15 15 15 15 15 15 15   
317a  15 15 15 15 15 15 15 15 15 15   15 15 15 15 15 15 15 15 15 15   15 15 15 15 15 15 15 15 15 15   15 15 15 15 15 15 15 15 15 15   
317b  15 15 15 15 15 15 15 15 15 15   15 15 15 15 15 15 15 15 15 15   15 15 15 15 15 15 15 15 15 15   15 15 15 15 15 15 15 15 15 15   
318a  15 15 15 15 15 15 15 15 15 15   15 15 15 15 15 15 15 15 15 15   15 15 15 15 15 15 15 15 15 15   15 15 15 15 15 15 15 15 15 15   
318b  15 15 15 15 15 15 15 15 15 15   15 15 15 15 15 15 15 15 15 15   15 15 15 15 15 15 15 15 15 15   15 15 15 15 15 15 15 15 15 15   
319a  15 15 15 15 15 15 15 15 15 15   15 15 15 15 15 15 15 15 15 15   15 15 15 15 15 15 15 15 15 15   15 15 15 15 15 15 15 15 15 15   
319b  15 15 15 15 15 15 15 15 15 15   15 15 15 15 15 15 15 15 15 15   15 15 15 15 15 15 15 15 15 15   15 15 15 15 15 15 15 15 15 15   
320a  15 15 15 15 15 15 15 15 15 15   15 15 15 15 15 15 15 15 15 15   15 15 15 15 15 15 15 15 15 15   15 15 15 15 15 15 15 15 15 15   
320b  15 15 15 15 15 15 15 15 15 15   15 15 15 15 15 15 15 15 15 15   15 15 15 15 15 15 15 15 15 15   15 15 15 15 15 15 15 15 15 15   
321a  15 15 15 15 15 15 15 15 15 15   15 15 15 15 15 15 15 15 15 15   15 15 15 15 15 15 15 15 15 15   15 15 15 15 15 15 15 15 15 15   
321b  15 15 15 15 15 15 15 15 15 15   15 15 15 15 15 15 15 15 15 15   15 15 15 15 15 15 15 15 15 15   15 15 15 15 15 15 15 15 15 15   
322a  15 15 15 15 15 15 15 15 15 15   15 15 15 15 15 15 15 15 15 15   15 15 15 15 15 15 15 15 15 15   15 15 15 15 15 15 15 15 15 15   
322b  15 15 15 15 15 15 15 15 15 15   15 15 15 15 15 15 15 15 15 15   15 15 15 15 15 15 15 15 15 15   15 15 15 15 15 15 15 15 15 15   
323a  15 15 15 15 15 15 15 15 15 15   15 15 15 15 15 15 15 15 15 15   15 15 15 15 15 15 15 15 15 15   15 15 15 15 15 15 15 15 15 15   
323b  15 15 15 15 15 15 15 15 15 15   15 15 15 15 15 15 15 15 15 15   15 15 15 15 15 15 15 15 15 15   15 15 15 15 15 15 15 15 15 15   
324a  15 15 15 15 15 15 15 15 15 15   15 15 15 15 15 15 15 15 15 15   15 15 15 15 15 15 15 15 15 15   15 15 15 15 15 15 15 15 15 15   
324b  15 15 15 15 15 15 15 15 15 15   15 15 15 15 15 15 15 15 15 15   15 15 15 15 15 15 15 15 15 15   15 15 15 15 15 15 15 15 15 15   
325a  15 15 15 15 15 15 15 15 15 15   15 15 15 15 15 15 15 15 15 15   15 15 15 15 15 15 15 15 15 15   15 15 15 15 15 15 15 15 15 15   
325b  15 15 15 15 15 15 15 15 15 15   15 15 15 15 15 15 15 15 15 15   15 15 15 15 15 15 15 15 15 15   15 15 15 15 15 15 15 15 15 15   
326a  15 15 15 15 15 15 15 15 15 15   15 15 15 15 15 15 15 15 15 15   15 15 15 15 15 15 15 15 15 15   15 15 15 15 15 15 15 15 15 15   
326b  15 15 15 15 15 15 15 15 15 15   15 15 15 15 15 15 15 15 15 15   15 15 15 15 15 15 15 15 15 15   15 15 15 15 15 15 15 15 15 15   
327a  15 15 15 15 15 15 15 15 15 15   15 15 15 15 15 15 15 15 15 15   15 15 15 15 15 15 15 15 15 15   15 15 15 15 15 15 15 15 15 15   
327b  15 15 15 15 15 15 15 15 15 15   15 15 15 15 15 15 15 15 15 15   15 15 15 15 15 15 15 15 15 15   15 15 15 15 15 15 15 15 15 15   
328a  15 15 15 15 15 15 15 15 15 15   15 15 15 15 15 15 15 15 15 15   15 15 15 15 15 15 15 15 15 15   15 15 15 15 15 15 15 15 15 15   
328b  15 15 15 15 15 15 15 15 15 15   15 15 15 15 15 15 15 15 15 15   15 15 15 15 15 15 15 15 15 15   15 15 15 15 15 15 15 15 15 15   
329a  15 15 15 15 15 15 15 15 15 15   15 15 15 15 15 15 15 15 15 15   15 15 15 15 15 15 15 15 15 15   15 15 15 15 15 15 15 15 15 15   
329b  15 15 15 15 15 15 15 15 15 15   15 15 15 15 15 15 15 15 15 15   15 15 15 15 15 15 15 15 15 15   15 15 15 15 15 15 15 15 15 15   
330a  15 15 15 15 15 15 15 15 15 15   15 15 15 15 15 15 15 15 15 15   15 15 15 15 15 15 15 15 15 15   15 15 15 15 15 15 15 15 15 15   
330b  15 15 15 15 15 15 15 15 15 15   15 15 15 15 15 15 15 15 15 15   15 15 15 15 15 15 15 15 15 15   15 15 15 15 15 15 15 15 15 15   
331a  15 15 15 15 15 15 15 15 15 15   15 15 15 15 15 15 15 15 15 15   15 15 15 15 15 15 15 15 15 15   15 15 15 15 15 15 15 15 15 15   
331b  15 15 15 15 15 15 15 15 15 15   15 15 15 15 15 15 15 15 15 15   15 15 15 15 15 15 15 15 15 15   15 15 15 15 15 15 15 15 15 15   
332a  15 15 15 15 15 15 15 15 15 15   15 15 15 15 15 15 15 15 15 15   15 15 15 15 15 15 15 15 15 15   15 15 15 15 15 15 15 15 15 15   
332b  15 15 15 15 15 15 15 15 15 15   15 15 15 15 15 15 15 15 15 15   15 15 15 15 15 15 15 15 15 15   15 15 15 15 15 15 15 15 15 15   
333a  15 15 15 15 15 15 15 15 15 15   15 15 15 15 15 15 15 15 15 15   15 15 15 15 15 15 15 15 15 15   15 15 15 15 15 15 15 15 15 15   
333b  15 15 15 15 15 15 15 15 15 15   15 15 15 15 15 15 15 15 15 15   15 15 15 15 15 15 15 15 15 15   15 15 15 15 15 15 15 15 15 15   
334a  15 15 15 15 15 15 15 15 15 15   15 15 15 15 15 15 15 15 15 15   15 15 15 15 15 15 15 15 15 15   15 15 15 15 15 15 15 15 15 15   
334b  15 15 15 15 15 15 15 15 15 15   15 15 15 15 15 15 15 15 15 15   15 15 15 15 15 15 15 15 15 15   15 15 15 15 15 15 15 15 15 15   
335a  15 15 15 15 15 15 15 15 15 15   15 15 15 15 15 15 15 15 15 15   15 15 15 15 15 15 15 15 15 15   15 15 15 15 15 15 15 15 15 15   
335b  15 15 15 15 15 15 15 15 15 15   15 15 15 15 15 15 15 15 15 15   15 15 15 15 15 15 15 15 15 15   15 15 15 15 15 15 15 15 15 15   
336a  15 15 15 15 15 15 15 15 15 15   15 15 15 15 15 15 15 15 15 15   15 15 15 15 15 15 15 15 15 15   15 15 15 15 15 15 15 15 15 15   
336b  15 15 15 15 15 15 15 15 15 15   15 15 15 15 15 15 15 15 15 15   15 15 15 15 15 15 15 15 15 15   15 15 15 15 15 15 15 15 15 15   
