###    1  2  3  4  5  6  7  8  9 10   11 12 13 14 15 16 17 18 19 20   21 22 23 24 25 26 27 28 29 30   31 32 33 34 35 36 37 38 39 40
###   41 42 43 44 45 46 47 48 49 50   51 52 53 54 55 56 57 58 59 60   61 62 63 64 65 66 67 68 69 70   71 72 73 74 75 76 77 78 79 80
  1a  16 16 16 16 16 16 16 16 16 16   16 16 16 16 16 16 16 16 16 16   16 16 16 16 16 16 16 16 16 16   16 16 16 16 16 16 16 16 16 16
  1b  16 16 16 16 16 16 16 16 16 16   16 16 16 16 16 16 16 16 16 16   16 16 16 16 16 16 16 16 16 16   16 16 16 16 16 16 16 16 16 16
  2a  16 16 16 16 16 16 16 16 16 16   16 16 16 16 16 16 16 16 16 16   16 16 16 16 16 16 16 16 16 16   16 16 16 16 16 16 16 16 16 16
  2b  16 16 16 16 16 16 16 16 16 16   16 16 16 16 16 16 16 16 16 16   16 16 16 16 16 16 16 16 16 16   16 16 16 16 16 16 16 16 16 16
  3a  16 16 16 16 16 16 16 16 16 16   16 16 16 16 16 16 16 16 16 16   16 16 16 16 16 16 16 16 16 16   16 16 16 16 16 16 16 16 16 16
  3b  16 16 16 16 16 16 16 16 16 16   16 16 16 16 16 16 16 16 16 16   16 16 16 16 16 16 16 16 16 16   16 16 16 16 16 16 16 16 16 16
  4a  16 16 16 16 16 16 16 16 16 16   16 16 16 16 16 16 16 16 16 16   16 16 16 16 16 16 16 16 16 16   16 16 16 16 16 16 16 16 16 16
  4b  16 16 16 16 16 16 16 16 16 16   16 16 16 16 16 16 16 16 16 16   16 16 16 16 16 16 16 16 16 16   16 16 16 16 16 16 16 16 16 16
  5a  16 16 16 16 16 16 16 16 16 16   16 16 16 16 16 16 16 16 16 16   16 16 16 16 16 16 16 16 16 16   16 16 16 16 16 16 16 16 16 16
  5b  16 16 16 16 16 16 16 16 16 16   16 16 16 16 16 16 16 16 16 16   16 16 16 16 16 16 16 16 16 16   16 16 16 16 16 16 16 16 16 16
  6a  16 16 16 16 16 16 16 16 16 16   16 16 16 16 16 16 16 16 16 16   16 16 16 16 16 16 16 16 16 16   16 16 16 16 16 16 16 16 16 16
  6b  16 16 16 16 16 16 16 16 16 16   16 16 16 16 16 16 16 16 16 16   16 16 16 16 16 16 16 16 16 16   16 16 16 16 16 16 16 16 16 16
  7a  16 16 16 16 16 16 16 16 16 16   16 16 16 16 16 16 16 16 16 16   16 16 16 16 16 16 16 16 16 16   16 16 16 16 16 16 16 16 16 16
  7b  16 16 16 16 16 16 16 16 16 16   16 16 16 16 16 16 16 16 16 16   16 16 16 16 16 16 16 16 16 16   16 16 16 16 16 16 16 16 16 16
  8a  16 16 16 16 16 16 16 16 16 16   16 16 16 16 16 16 16 16 16 16   16 16 16 16 16 16 16 16 16 16   16 16 16 16 16 16 16 16 16 16
  8b  16 16 16 16 16 16 16 16 16 16   16 16 16 16 16 16 16 16 16 16   16 16 16 16 16 16 16 16 16 16   16 16 16 16 16 16 16 16 16 16
  9a  16 16 16 16 16 16 16 16 16 16   16 16 16 16 16 16 16 16 16 16   16 16 16 16 16 16 16 16 16 16   16 16 16 16 16 16 16 16 16 16
  9b  16 16 16 16 16 16 16 16 16 16   16 16 16 16 16 16 16 16 16 16   16 16 16 16 16 16 16 16 16 16   16 16 16 16 16 16 16 16 16 16
 10a  16 16 16 16 16 16 16 16 16 16   16 16 16 16 16 16 16 16 16 16   16 16 16 16 16 16 16 16 16 16   16 16 16 16 16 16 16 16 16 16
 10b  16 16 16 16 16 16 16 16 16 16   16 16 16 16 16 16 16 16 16 16   16 16 16 16 16 16 16 16 16 16   16 16 16 16 16 16 16 16 16 16
 11a  16 16 16 16 16 16 16 16 16 16   16 16 16 16 16 16 16 16 16 16   16 16 16 16 16 16 16 16 16 16   16 16 16 16 16 16 16 16 16 16
 11b  16 16 16 16 16 16 16 16 16 16   16 16 16 16 16 16 16 16 16 16   16 16 16 16 16 16 16 16 16 16   16 16 16 16 16 16 16 16 16 16
 12a  16 16 16 16 16 16 16 16 16 16   16 16 16 16 16 16 16 16 16 16   16 16 16 16 16 16 16 16 16 16   16 16 16 16 16 16 16 16 16 16
 12b  16 16 16 16 16 16 16 16 16 16   16 16 16 16 16 16 16 16 16 16   16 16 16 16 16 16 16 16 16 16   16 16 16 16 16 16 16 16 16 16
 13a  16 16 16 16 16 16 16 16 16 16   16 16 16 16 16 16 16 16 16 16   16 16 16 16 16 16 16 16 16 16   16 16 16 16 16 16 16 16 16 16
 13b  16 16 16 16 16 16 16 16 16 16   16 16 16 16 16 16 16 16 16 16   16 16 16 16 16 16 16 16 16 16   16 16 16 16 16 16 16 16 16 16
 14a  16 16 16 16 16 16 16 16 16 16   16 16 16 16 16 16 16 16 16 16   16 16 16 16 16 16 16 16 16 16   16 16 16 16 16 16 16 16 16 16
 14b  16 16 16 16 16 16 16 16 16 16   16 16 16 16 16 16 16 16 16 16   16 16 16 16 16 16 16 16 16 16   16 16 16 16 16 16 16 16 16 16
 15a  16 16 16 16 16 16 16 16 16 16   16 16 16 16 16 16 16 16 16 16   16 16 16 16 16 16 16 16 16 16   16 16 16 16 16 16 16 16 16 16
 15b  16 16 16 16 16 16 16 16 16 16   16 16 16 16 16 16 16 16 16 16   16 16 16 16 16 16 16 16 16 16   16 16 16 16 16 16 16 16 16 16
 16a  16 16 16 16 16 16 16 16 16 16   16 16 16 16 16 16 16 16 16 16   16 16 16 16 16 16 16 16 16 16   16 16 16 16 16 16 16 16 16 16
 16b  16 16 16 16 16 16 16 16 16 16   16 16 16 16 16 16 16 16 16 16   16 16 16 16 16 16 16 16 16 16   16 16 16 16 16 16 16 16 16 16
 17a  16 16 16 16 16 16 16 16 16 16   16 16 16 16 16 16 16 16 16 16   16 16 16 16 16 16 16 16 16 16   16 16 16 16 16 16 16 16 16 16
 17b  16 16 16 16 16 16 16 16 16 16   16 16 16 16 16 16 16 16 16 16   16 16 16 16 16 16 16 16 16 16   16 16 16 16 16 16 16 16 16 16
 18a  16 16 16 16 16 16 16 16 16 16   16 16 16 16 16 16 16 16 16 16   16 16 16 16 16 16 16 16 16 16   16 16 16 16 16 16 16 16 16 16
 18b  16 16 16 16 16 16 16 16 16 16   16 16 16 16 16 16 16 16 16 16   16 16 16 16 16 16 16 16 16 16   16 16 16 16 16 16 16 16 16 16
 19a  16 16 16 16 16 16 16 16 16 16   16 16 16 16 16 16 16 16 16 16   16 16 16 16 16 16 16 16 16 16   16 16 16 16 16 16 16 16 16 16
 19b  16 16 16 16 16 16 16 16 16 16   16 16 16 16 16 16 16 16 16 16   16 16 16 16 16 16 16 16 16 16   16 16 16 16 16 16 16 16 16 16
 20a  16 16 16 16 16 16 16 16 16 16   16 16 16 16 16 16 16 16 16 16   16 16 16 16 16 16 16 16 16 16   16 16 16 16 16 16 16 16 16 16
 20b  16 16 16 16 16 16 16 16 16 16   16 16 16 16 16 16 16 16 16 16   16 16 16 16 16 16 16 16 16 16   16 16 16 16 16 16 16 16 16 16
 21a  16 16 16 16 16 16 16 16 16 16   16 16 16 16 16 16 16 16 16 16   16 16 16 16 16 16 16 16 16 16   16 16 16 16 16 16 16 16 16 16
 21b  16 16 16 16 16 16 16 16 16 16   16 16 16 16 16 16 16 16 16 16   16 16 16 16 16 16 16 16 16 16   16 16 16 16 16 16 16 16 16 16
 22a  16 16 16 16 16 16 16 16 16 16   16 16 16 16 16 16 16 16 16 16   16 16 16 16 16 16 16 16 16 16   16 16 16 16 16 16 16 16 16 16
 22b  16 16 16 16 16 16 16 16 16 16   16 16 16 16 16 16 16 16 16 16   16 16 16 16 16 16 16 16 16 16   16 16 16 16 16 16 16 16 16 16
 23a  16 16 16 16 16 16 16 16 16 16   16 16 16 16 16 16 16 16 16 16   16 16 16 16 16 16 16 16 16 16   16 16 16 16 16 16 16 16 16 16
 23b  16 16 16 16 16 16 16 16 16 16   16 16 16 16 16 16 16 16 16 16   16 16 16 16 16 16 16 16 16 16   16 16 16 16 16 16 16 16 16 16
 24a  16 16 16 16 16 16 16 16 16 16   16 16 16 16 16 16 16 16 16 16   16 16 16 16 16 16 16 16 16 16   16 16 16 16 16 16 16 16 16 16
 24b  16 16 16 16 16 16 16 16 16 16   16 16 16 16 16 16 16 16 16 16   16 16 16 16 16 16 16 16 16 16   16 16 16 16 16 16 16 16 16 16
 25a  16 16 16 16 16 16 16 16 16 16   16 16 16 16 16 16 16 16 16 16   16 16 16 16 16 16 16 16 16 16   16 16 16 16 16 16 16 16 16 16
 25b  16 16 16 16 16 16 16 16 16 16   16 16 16 16 16 16 16 16 16 16   16 16 16 16 16 16 16 16 16 16   16 16 16 16 16 16 16 16 16 16
 26a  16 16 16 16 16 16 16 16 16 16   16 16 16 16 16 16 16 16 16 16   16 16 16 16 16 16 16 16 16 16   16 16 16 16 16 16 16 16 16 16
 26b  16 16 16 16 16 16 16 16 16 16   16 16 16 16 16 16 16 16 16 16   16 16 16 16 16 16 16 16 16 16   16 16 16 16 16 16 16 16 16 16
 27a  16 16 16 16 16 16 16 16 16 16   16 16 16 16 16 16 16 16 16 16   16 16 16 16 16 16 16 16 16 16   16 16 16 16 16 16 16 16 16 16
 27b  16 16 16 16 16 16 16 16 16 16   16 16 16 16 16 16 16 16 16 16   16 16 16 16 16 16 16 16 16 16   16 16 16 16 16 16 16 16 16 16
 28a  16 16 16 16 16 16 16 16 16 16   16 16 16 16 16 16 16 16 16 16   16 16 16 16 16 16 16 16 16 16   16 16 16 16 16 16 16 16 16 16
 28b  16 16 16 16 16 16 16 16 16 16   16 16 16 16 16 16 16 16 16 16   16 16 16 16 16 16 16 16 16 16   16 16 16 16 16 16 16 16 16 16
 29a  16 16 16 16 16 16 16 16 16 16   16 16 16 16 16 16 16 16 16 16   16 16 16 16 16 16 16 16 16 16   16 16 16 16 16 16 16 16 16 16
 29b  16 16 16 16 16 16 16 16 16 16   16 16 16 16 16 16 16 16 16 16   16 16 16 16 16 16 16 16 16 16   16 16 16 16 16 16 16 16 16 16
 30a  16 16 16 16 16 16 16 16 16 16   16 16 16 16 16 16 16 16 16 16   16 16 16 16 16 16 16 16 16 16   16 16 16 16 16 16 16 16 16 16
 30b  16 16 16 16 16 16 16 16 16 16   16 16 16 16 16 16 16 16 16 16   16 16 16 16 16 16 16 16 16 16   16 16 16 16 16 16 16 16 16 16
 31a  16 16 16 16 16 16 16 16 16 16   16 16 16 16 16 16 16 16 16 16   16 16 16 16 16 16 16 16 16 16   16 16 16 16 16 16 16 16 16 16
 31b  16 16 16 16 16 16 16 16 16 16   16 16 16 16 16 16 16 16 16 16   16 16 16 16 16 16 16 16 16 16   16 16 16 16 16 16 16 16 16 16
 32a  16 16 16 16 16 16 16 16 16 16   16 16 16 16 16 16 16 16 16 16   16 16 16 16 16 16 16 16 16 16   16 16 16 16 16 16 16 16 16 16
 32b  16 16 16 16 16 16 16 16 16 16   16 16 16 16 16 16 16 16 16 16   16 16 16 16 16 16 16 16 16 16   16 16 16 16 16 16 16 16 16 16
 33a  16 16 16 16 16 16 16 16 16 16   16 16 16 16 16 16 16 16 16 16   16 16 16 16 16 16 16 16 16 16   16 16 16 16 16 16 16 16 16 16
 33b  16 16 16 16 16 16 16 16 16 16   16 16 16 16 16 16 16 16 16 16   16 16 16 16 16 16 16 16 16 16   16 16 16 16 16 16 16 16 16 16
 34a  16 16 16 16 16 16 16 16 16 16   16 16 16 16 16 16 16 16 16 16   16 16 16 16 16 16 16 16 16 16   16 16 16 16 16 16 16 16 16 16
 34b  16 16 16 16 16 16 16 16 16 16   16 16 16 16 16 16 16 16 16 16   16 16 16 16 16 16 16 16 16 16   16 16 16 16 16 16 16 16 16 16
 35a  16 16 16 16 16 16 16 16 16 16   16 16 16 16 16 16 16 16 16 16   16 16 16 16 16 16 16 16 16 16   16 16 16 16 16 16 16 16 16 16
 35b  16 16 16 16 16 16 16 16 16 16   16 16 16 16 16 16 16 16 16 16   16 16 16 16 16 16 16 16 16 16   16 16 16 16 16 16 16 16 16 16
 36a  16 16 16 16 16 16 16 16 16 16   16 16 16 16 16 16 16 16 16 16   16 16 16 16 16 16 16 16 16 16   16 16 16 16 16 16 16 16 16 16
 36b  16 16 16 16 16 16 16 16 16 16   16 16 16 16 16 16 16 16 16 16   16 16 16 16 16 16 16 16 16 16   16 16 16 16 16 16 16 16 16 16
 37a  16 16 16 16 16 16 16 16 16 16   16 16 16 16 16 16 16 16 16 16   16 16 16 16 16 16 16 16 16 16   16 16 16 16 16 16 16 16 16 16
 37b  16 16 16 16 16 16 16 16 16 16   16 16 16 16 16 16 16 16 16 16   16 16 16 16 16 16 16 16 16 16   16 16 16 16 16 16 16 16 16 16
 38a  16 16 16 16 16 16 16 16 16 16   16 16 16 16 16 16 16 16 16 16   16 16 16 16 16 16 16 16 16 16   16 16 16 16 16 16 16 16 16 16
 38b  16 16 16 16 16 16 16 16 16 16   16 16 16 16 16 16 16 16 16 16   16 16 16 16 16 16 16 16 16 16   16 16 16 16 16 16 16 16 16 16
 39a  16 16 16 16 16 16 16 16 16 16   16 16 16 16 16 16 16 16 16 16   16 16 16 16 16 16 16 16 16 16   16 16 16 16 16 16 16 16 16 16
 39b  16 16 16 16 16 16 16 16 16 16   16 16 16 16 16 16 16 16 16 16   16 16 16 16 16 16 16 16 16 16   16 16 16 16 16 16 16 16 16 16
 40a  16 16 16 16 16 16 16 16 16 16   16 16 16 16 16 16 16 16 16 16   16 16 16 16 16 16 16 16 16 16   16 16 16 16 16 16 16 16 16 16
 40b  16 16 16 16 16 16 16 16 16 16   16 16 16 16 16 16 16 16 16 16   16 16 16 16 16 16 16 16 16 16   16 16 16 16 16 16 16 16 16 16
 41a  16 16 16 16 16 16 16 16 16 16   16 16 16 16 16 16 16 16 16 16   16 16 16 16 16 16 16 16 16 16   16 16 16 16 16 16 16 16 16 16
 41b  16 16 16 16 16 16 16 16 16 16   16 16 16 16 16 16 16 16 16 16   16 16 16 16 16 16 16 16 16 16   16 16 16 16 16 16 16 16 16 16
 42a  16 16 16 16 16 16 16 16 16 16   16 16 16 16 16 16 16 16 16 16   16 16 16 16 16 16 16 16 16 16   16 16 16 16 16 16 16 16 16 16
 42b  16 16 16 16 16 16 16 16 16 16   16 16 16 16 16 16 16 16 16 16   16 16 16 16 16 16 16 16 16 16   16 16 16 16 16 16 16 16 16 16
 43a  16 16 16 16 16 16 16 16 16 16   16 16 16 16 16 16 16 16 16 16   16 16 16 16 16 16 16 16 16 16   16 16 16 16 16 16 16 16 16 16
 43b  16 16 16 16 16 16 16 16 16 16   16 16 16 16 16 16 16 16 16 16   16 16 16 16 16 16 16 16 16 16   16 16 16 16 16 16 16 16 16 16
 44a  16 16 16 16 16 16 16 16 16 16   16 16 16 16 16 16 16 16 16 16   16 16 16 16 16 16 16 16 16 16   16 16 16 16 16 16 16 16 16 16
 44b  16 16 16 16 16 16 16 16 16 16   16 16 16 16 16 16 16 16 16 16   16 16 16 16 16 16 16 16 16 16   16 16 16 16 16 16 16 16 16 16
 45a  16 16 16 16 16 16 16 16 16 16   16 16 16 16 16 16 16 16 16 16   16 16 16 16 16 16 16 16 16 16   16 16 16 16 16 16 16 16 16 16
 45b  16 16 16 16 16 16 16 16 16 16   16 16 16 16 16 16 16 16 16 16   16 16 16 16 16 16 16 16 16 16   16 16 16 16 16 16 16 16 16 16
 46a  16 16 16 16 16 16 16 16 16 16   16 16 16 16 16 16 16 16 16 16   16 16 16 16 16 16 16 16 16 16   16 16 16 16 16 16 16 16 16 16
 46b  16 16 16 16 16 16 16 16 16 16   16 16 16 16 16 16 16 16 16 16   16 16 16 16 16 16 16 16 16 16   16 16 16 16 16 16 16 16 16 16
 47a  16 16 16 16 16 16 16 16 16 16   16 16 16 16 16 16 16 16 16 16   16 16 16 16 16 16 16 16 16 16   16 16 16 16 16 16 16 16 16 16
 47b  16 16 16 16 16 16 16 16 16 16   16 16 16 16 16 16 16 16 16 16   16 16 16 16 16 16 16 16 16 16   16 16 16 16 16 16 16 16 16 16
 48a  16 16 16 16 16 16 16 16 16 16   16 16 16 16 16 16 16 16 16 16   16 16 16 16 16 16 16 16 16 16   16 16 16 16 16 16 16 16 16 16
 48b  16 16 16 16 16 16 16 16 16 16   16 16 16 16 16 16 16 16 16 16   16 16 16 16 16 16 16 16 16 16   16 16 16 16 16 16 16 16 16 16
 49a  16 16 16 16 16 16 16 16 16 16   16 16 16 16 16 16 16 16 16 16   16 16 16 16 16 16 16 16 16 16   16 16 16 16 16 16 16 16 16 16
 49b  16 16 16 16 16 16 16 16 16 16   16 16 16 16 16 16 16 16 16 16   16 16 16 16 16 16 16 16 16 16   16 16 16 16 16 16 16 16 16 16
 50a  16 16 16 16 16 16 16 16 16 16   16 16 16 16 16 16 16 16 16 16   16 16 16 16 16 16 16 16 16 16   16 16 16 16 16 16 16 16 16 16
 50b  16 16 16 16 16 16 16 16 16 16   16 16 16 16 16 16 16 16 16 16   16 16 16 16 16 16 16 16 16 16   16 16 16 16 16 16 16 16 16 16
 51a  16 16 16 16 16 16 16 16 16 16   16 16 16 16 16 16 16 16 16 16   16 16 16 16 16 16 16 16 16 16   16 16 16 16 16 16 16 16 16 16
 51b  16 16 16 16 16 16 16 16 16 16   16 16 16 16 16 16 16 16 16 16   16 16 16 16 16 16 16 16 16 16   16 16 16 16 16 16 16 16 16 16
 52a  16 16 16 16 16 16 16 16 16 16   16 16 16 16 16 16 16 16 16 16   16 16 16 16 16 16 16 16 16 16   16 16 16 16 16 16 16 16 16 16
 52b  16 16 16 16 16 16 16 16 16 16   16 16 16 16 16 16 16 16 16 16   16 16 16 16 16 16 16 16 16 16   16 16 16 16 16 16 16 16 16 16
 53a  16 16 16 16 16 16 16 16 16 16   16 16 16 16 16 16 16 16 16 16   16 16 16 16 16 16 16 16 16 16   16 16 16 16 16 16 16 16 16 16
 53b  16 16 16 16 16 16 16 16 16 16   16 16 16 16 16 16 16 16 16 16   16 16 16 16 16 16 16 16 16 16   16 16 16 16 16 16 16 16 16 16
 54a  16 16 16 16 16 16 16 16 16 16   16 16 16 16 16 16 16 16 16 16   16 16 16 16 16 16 16 16 16 16   16 16 16 16 16 16 16 16 16 16
 54b  16 16 16 16 16 16 16 16 16 16   16 16 16 16 16 16 16 16 16 16   16 16 16 16 16 16 16 16 16 16   16 16 16 16 16 16 16 16 16 16
 55a  16 16 16 16 16 16 16 16 16 16   16 16 16 16 16 16 16 16 16 16   16 16 16 16 16 16 16 16 16 16   16 16 16 16 16 16 16 16 16 16
 55b  16 16 16 16 16 16 16 16 16 16   16 16 16 16 16 16 16 16 16 16   16 16 16 16 16 16 16 16 16 16   16 16 16 16 16 16 16 16 16 16
 56a  16 16 16 16 16 16 16 16 16 16   16 16 16 16 16 16 16 16 16 16   16 16 16 16 16 16 16 16 16 16   16 16 16 16 16 16 16 16 16 16
 56b  16 16 16 16 16 16 16 16 16 16   16 16 16 16 16 16 16 16 16 16   16 16 16 16 16 16 16 16 16 16   16 16 16 16 16 16 16 16 16 16
 57a  16 16 16 16 16 16 16 16 16 16   16 16 16 16 16 16 16 16 16 16   16 16 16 16 16 16 16 16 16 16   16 16 16 16 16 16 16 16 16 16
 57b  16 16 16 16 16 16 16 16 16 16   16 16 16 16 16 16 16 16 16 16   16 16 16 16 16 16 16 16 16 16   16 16 16 16 16 16 16 16 16 16
 58a  16 16 16 16 16 16 16 16 16 16   16 16 16 16 16 16 16 16 16 16   16 16 16 16 16 16 16 16 16 16   16 16 16 16 16 16 16 16 16 16
 58b  16 16 16 16 16 16 16 16 16 16   16 16 16 16 16 16 16 16 16 16   16 16 16 16 16 16 16 16 16 16   16 16 16 16 16 16 16 16 16 16
 59a  16 16 16 16 16 16 16 16 16 16   16 16 16 16 16 16 16 16 16 16   16 16 16 16 16 16 16 16 16 16   16 16 16 16 16 16 16 16 16 16
 59b  16 16 16 16 16 16 16 16 16 16   16 16 16 16 16 16 16 16 16 16   16 16 16 16 16 16 16 16 16 16   16 16 16 16 16 16 16 16 16 16
 60a  16 16 16 16 16 16 16 16 16 16   16 16 16 16 16 16 16 16 16 16   16 16 16 16 16 16 16 16 16 16   16 16 16 16 16 16 16 16 16 16
 60b  16 16 16 16 16 16 16 16 16 16   16 16 16 16 16 16 16 16 16 16   16 16 16 16 16 16 16 16 16 16   16 16 16 16 16 16 16 16 16 16
 61a  16 16 16 16 16 16 16 16 16 16   16 16 16 16 16 16 16 16 16 16   16 16 16 16 16 16 16 16 16 16   16 16 16 16 16 16 16 16 16 16
 61b  16 16 16 16 16 16 16 16 16 16   16 16 16 16 16 16 16 16 16 16   16 16 16 16 16 16 16 16 16 16   16 16 16 16 16 16 16 16 16 16
 62a  16 16 16 16 16 16 16 16 16 16   16 16 16 16 16 16 16 16 16 16   16 16 16 16 16 16 16 16 16 16   16 16 16 16 16 16 16 16 16 16
 62b  16 16 16 16 16 16 16 16 16 16   16 16 16 16 16 16 16 16 16 16   16 16 16 16 16 16 16 16 16 16   16 16 16 16 16 16 16 16 16 16
 63a  16 16 16 16 16 16 16 16 16 16   16 16 16 16 16 16 16 16 16 16   16 16 16 16 16 16 16 16 16 16   16 16 16 16 16 16 16 16 16 16
 63b  16 16 16 16 16 16 16 16 16 16   16 16 16 16 16 16 16 16 16 16   16 16 16 16 16 16 16 16 16 16   16 16 16 16 16 16 16 16 16 16
 64a  16 16 16 16 16 16 16 16 16 16   16 16 16 16 16 16 16 16 16 16   16 16 16 16 16 16 16 16 16 16   16 16 16 16 16 16 16 16 16 16
 64b  16 16 16 16 16 16 16 16 16 16   16 16 16 16 16 16 16 16 16 16   16 16 16 16 16 16 16 16 16 16   16 16 16 16 16 16 16 16 16 16
 65a  16 16 16 16 16 16 16 16 16 16   16 16 16 16 16 16 16 16 16 16   16 16 16 16 16 16 16 16 16 16   16 16 16 16 16 16 16 16 16 16
 65b  16 16 16 16 16 16 16 16 16 16   16 16 16 16 16 16 16 16 16 16   16 16 16 16 16 16 16 16 16 16   16 16 16 16 16 16 16 16 16 16
 66a  16 16 16 16 16 16 16 16 16 16   16 16 16 16 16 16 16 16 16 16   16 16 16 16 16 16 16 16 16 16   16 16 16 16 16 16 16 16 16 16
 66b  16 16 16 16 16 16 16 16 16 16   16 16 16 16 16 16 16 16 16 16   16 16 16 16 16 16 16 16 16 16   16 16 16 16 16 16 16 16 16 16
 67a  16 16 16 16 16 16 16 16 16 16   16 16 16 16 16 16 16 16 16 16   16 16 16 16 16 16 16 16 16 16   16 16 16 16 16 16 16 16 16 16
 67b  16 16 16 16 16 16 16 16 16 16   16 16 16 16 16 16 16 16 16 16   16 16 16 16 16 16 16 16 16 16   16 16 16 16 16 16 16 16 16 16
 68a  16 16 16 16 16 16 16 16 16 16   16 16 16 16 16 16 16 16 16 16   16 16 16 16 16 16 16 16 16 16   16 16 16 16 16 16 16 16 16 16
 68b  16 16 16 16 16 16 16 16 16 16   16 16 16 16 16 16 16 16 16 16   16 16 16 16 16 16 16 16 16 16   16 16 16 16 16 16 16 16 16 16
 69a  16 16 16 16 16 16 16 16 16 16   16 16 16 16 16 16 16 16 16 16   16 16 16 16 16 16 16 16 16 16   16 16 16 16 16 16 16 16 16 16
 69b  16 16 16 16 16 16 16 16 16 16   16 16 16 16 16 16 16 16 16 16   16 16 16 16 16 16 16 16 16 16   16 16 16 16 16 16 16 16 16 16
 70a  16 16 16 16 16 16 16 16 16 16   16 16 16 16 16 16 16 16 16 16   16 16 16 16 16 16 16 16 16 16   16 16 16 16 16 16 16 16 16 16
 70b  16 16 16 16 16 16 16 16 16 16   16 16 16 16 16 16 16 16 16 16   16 16 16 16 16 16 16 16 16 16   16 16 16 16 16 16 16 16 16 16
 71a  16 16 16 16 16 16 16 16 16 16   16 16 16 16 16 16 16 16 16 16   16 16 16 16 16 16 16 16 16 16   16 16 16 16 16 16 16 16 16 16
 71b  16 16 16 16 16 16 16 16 16 16   16 16 16 16 16 16 16 16 16 16   16 16 16 16 16 16 16 16 16 16   16 16 16 16 16 16 16 16 16 16
 72a  16 16 16 16 16 16 16 16 16 16   16 16 16 16 16 16 16 16 16 16   16 16 16 16 16 16 16 16 16 16   16 16 16 16 16 16 16 16 16 16
 72b  16 16 16 16 16 16 16 16 16 16   16 16 16 16 16 16 16 16 16 16   16 16 16 16 16 16 16 16 16 16   16 16 16 16 16 16 16 16 16 16
 73a  16 16 16 16 16 16 16 16 16 16   16 16 16 16 16 16 16 16 16 16   16 16 16 16 16 16 16 16 16 16   16 16 16 16 16 16 16 16 16 16
 73b  16 16 16 16 16 16 16 16 16 16   16 16 16 16 16 16 16 16 16 16   16 16 16 16 16 16 16 16 16 16   16 16 16 16 16 16 16 16 16 16
 74a  16 16 16 16 16 16 16 16 16 16   16 16 16 16 16 16 16 16 16 16   16 16 16 16 16 16 16 16 16 16   16 16 16 16 16 16 16 16 16 16
 74b  16 16 16 16 16 16 16 16 16 16   16 16 16 16 16 16 16 16 16 16   16 16 16 16 16 16 16 16 16 16   16 16 16 16 16 16 16 16 16 16
 75a  16 16 16 16 16 16 16 16 16 16   16 16 16 16 16 16 16 16 16 16   16 16 16 16 16 16 16 16 16 16   16 16 16 16 16 16 16 16 16 16
 75b  16 16 16 16 16 16 16 16 16 16   16 16 16 16 16 16 16 16 16 16   16 16 16 16 16 16 16 16 16 16   16 16 16 16 16 16 16 16 16 16
 76a  16 16 16 16 16 16 16 16 16 16   16 16 16 16 16 16 16 16 16 16   16 16 16 16 16 16 16 16 16 16   16 16 16 16 16 16 16 16 16 16
 76b  16 16 16 16 16 16 16 16 16 16   16 16 16 16 16 16 16 16 16 16   16 16 16 16 16 16 16 16 16 16   16 16 16 16 16 16 16 16 16 16
 77a  16 16 16 16 16 16 16 16 16 16   16 16 16 16 16 16 16 16 16 16   16 16 16 16 16 16 16 16 16 16   16 16 16 16 16 16 16 16 16 16
 77b  16 16 16 16 16 16 16 16 16 16   16 16 16 16 16 16 16 16 16 16   16 16 16 16 16 16 16 16 16 16   16 16 16 16 16 16 16 16 16 16
 78a  16 16 16 16 16 16 16 16 16 16   16 16 16 16 16 16 16 16 16 16   16 16 16 16 16 16 16 16 16 16   16 16 16 16 16 16 16 16 16 16
 78b  16 16 16 16 16 16 16 16 16 16   16 16 16 16 16 16 16 16 16 16   16 16 16 16 16 16 16 16 16 16   16 16 16 16 16 16 16 16 16 16
 79a  16 16 16 16 16 16 16 16 16 16   16 16 16 16 16 16 16 16 16 16   16 16 16 16 16 16 16 16 16 16   16 16 16 16 16 16 16 16 16 16
 79b  16 16 16 16 16 16 16 16 16 16   16 16 16 16 16 16 16 16 16 16   16 16 16 16 16 16 16 16 16 16   16 16 16 16 16 16 16 16 16 16
 80a  16 16 16 16 16 16 16 16 16 16   16 16 16 16 16 16 16 16 16 16   16 16 16 16 16 16 16 16 16 16   16 16 16 16 16 16 16 16 16 16
 80b  16 16 16 16 16 16 16 16 16 16   16 16 16 16 16 16 16 16 16 16   16 16 16 16 16 16 16 16 16 16   16 16 16 16 16 16 16 16 16 16
 81a  16 16 16 16 16 16 16 16 16 16   16 16 16 16 16 16 16 16 16 16   16 16 16 16 16 16 16 16 16 16   16 16 16 16 16 16 16 16 16 16
 81b  16 16 16 16 16 16 16 16 16 16   16 16 16 16 16 16 16 16 16 16   16 16 16 16 16 16 16 16 16 16   16 16 16 16 16 16 16 16 16 16
 82a  16 16 16 16 16 16 16 16 16 16   16 16 16 16 16 16 16 16 16 16   16 16 16 16 16 16 16 16 16 16   16 16 16 16 16 16 16 16 16 16
 82b  16 16 16 16 16 16 16 16 16 16   16 16 16 16 16 16 16 16 16 16   16 16 16 16 16 16 16 16 16 16   16 16 16 16 16 16 16 16 16 16
 83a  16 16 16 16 16 16 16 16 16 16   16 16 16 16 16 16 16 16 16 16   16 16 16 16 16 16 16 16 16 16   16 16 16 16 16 16 16 16 16 16
 83b  16 16 16 16 16 16 16 16 16 16   16 16 16 16 16 16 16 16 16 16   16 16 16 16 16 16 16 16 16 16   16 16 16 16 16 16 16 16 16 16
 84a  16 16 16 16 16 16 16 16 16 16   16 16 16 16 16 16 16 16 16 16   16 16 16 16 16 16 16 16 16 16   16 16 16 16 16 16 16 16 16 16
 84b  16 16 16 16 16 16 16 16 16 16   16 16 16 16 16 16 16 16 16 16   16 16 16 16 16 16 16 16 16 16   16 16 16 16 16 16 16 16 16 16
 85a  16 16 16 16 16 16 16 16 16 16   16 16 16 16 16 16 16 16 16 16   16 16 16 16 16 16 16 16 16 16   16 16 16 16 16 16 16 16 16 16
 85b  16 16 16 16 16 16 16 16 16 16   16 16 16 16 16 16 16 16 16 16   16 16 16 16 16 16 16 16 16 16   16 16 16 16 16 16 16 16 16 16
 86a  16 16 16 16 16 16 16 16 16 16   16 16 16 16 16 16 16 16 16 16   16 16 16 16 16 16 16 16 16 16   16 16 16 16 16 16 16 16 16 16
 86b  16 16 16 16 16 16 16 16 16 16   16 16 16 16 16 16 16 16 16 16   16 16 16 16 16 16 16 16 16 16   16 16 16 16 16 16 16 16 16 16
 87a  16 16 16 16 16 16 16 16 16 16   16 16 16 16 16 16 16 16 16 16   16 16 16 16 16 16 16 16 16 16   16 16 16 16 16 16 16 16 16 16
 87b  16 16 16 16 16 16 16 16 16 16   16 16 16 16 16 16 16 16 16 16   16 16 16 16 16 16 16 16 16 16   16 16 16 16 16 16 16 16 16 16
 88a  16 16 16 16 16 16 16 16 16 16   16 16 16 16 16 16 16 16 16 16   16 16 16 16 16 16 16 16 16 16   16 16 16 16 16 16 16 16 16 16
 88b  16 16 16 16 16 16 16 16 16 16   16 16 16 16 16 16 16 16 16 16   16 16 16 16 16 16 16 16 16 16   16 16 16 16 16 16 16 16 16 16
 89a  16 16 16 16 16 16 16 16 16 16   16 16 16 16 16 16 16 16 16 16   16 16 16 16 16 16 16 16 16 16   16 16 16 16 16 16 16 16 16 16
 89b  16 16 16 16 16 16 16 16 16 16   16 16 16 16 16 16 16 16 16 16   16 16 16 16 16 16 16 16 16 16   16 16 16 16 16 16 16 16 16 16
 90a  16 16 16 16 16 16 16 16 16 16   16 16 16 16 16 16 16 16 16 16   16 16 16 16 16 16 16 16 16 16   16 16 16 16 16 16 16 16 16 16
 90b  16 16 16 16 16 16 16 16 16 16   16 16 16 16 16 16 16 16 16 16   16 16 16 16 16 16 16 16 16 16   16 16 16 16 16 16 16 16 16 16
 91a  16 16 16 16 16 16 16 16 16 16   16 16 16 16 16 16 16 16 16 16   16 16 16 16 16 16 16 16 16 16   16 16 16 16 16 16 16 16 16 16
 91b  16 16 16 16 16 16 16 16 16 16   16 16 16 16 16 16 16 16 16 16   16 16 16 16 16 16 16 16 16 16   16 16 16 16 16 16 16 16 16 16
 92a  16 16 16 16 16 16 16 16 16 16   16 16 16 16 16 16 16 16 16 16   16 16 16 16 16 16 16 16 16 16   16 16 16 16 16 16 16 16 16 16
 92b  16 16 16 16 16 16 16 16 16 16   16 16 16 16 16 16 16 16 16 16   16 16 16 16 16 16 16 16 16 16   16 16 16 16 16 16 16 16 16 16
 93a  16 16 16 16 16 16 16 16 16 16   16 16 16 16 16 16 16 16 16 16   16 16 16 16 16 16 16 16 16 16   16 16 16 16 16 16 16 16 16 16
 93b  16 16 16 16 16 16 16 16 16 16   16 16 16 16 16 16 16 16 16 16   16 16 16 16 16 16 16 16 16 16   16 16 16 16 16 16 16 16 16 16
 94a  16 16 16 16 16 16 16 16 16 16   16 16 16 16 16 16 16 16 16 16   16 16 16 16 16 16 16 16 16 16   16 16 16 16 16 16 16 16 16 16
 94b  16 16 16 16 16 16 16 16 16 16   16 16 16 16 16 16 16 16 16 16   16 16 16 16 16 16 16 16 16 16   16 16 16 16 16 16 16 16 16 16
 95a  16 16 16 16 16 16 16 16 16 16   16 16 16 16 16 16 16 16 16 16   16 16 16 16 16 16 16 16 16 16   16 16 16 16 16 16 16 16 16 16
 95b  16 16 16 16 16 16 16 16 16 16   16 16 16 16 16 16 16 16 16 16   16 16 16 16 16 16 16 16 16 16   16 16 16 16 16 16 16 16 16 16
 96a  16 16 16 16 16 16 16 16 16 16   16 16 16 16 16 16 16 16 16 16   16 16 16 16 16 16 16 16 16 16   16 16 16 16 16 16 16 16 16 16
 96b  16 16 16 16 16 16 16 16 16 16   16 16 16 16 16 16 16 16 16 16   16 16 16 16 16 16 16 16 16 16   16 16 16 16 16 16 16 16 16 16
 97a  16 16 16 16 16 16 16 16 16 16   16 16 16 16 16 16 16 16 16 16   16 16 16 16 16 16 16 16 16 16   16 16 16 16 16 16 16 16 16 16
 97b  16 16 16 16 16 16 16 16 16 16   16 16 16 16 16 16 16 16 16 16   16 16 16 16 16 16 16 16 16 16   16 16 16 16 16 16 16 16 16 16
 98a  16 16 16 16 16 16 16 16 16 16   16 16 16 16 16 16 16 16 16 16   16 16 16 16 16 16 16 16 16 16   16 16 16 16 16 16 16 16 16 16
 98b  16 16 16 16 16 16 16 16 16 16   16 16 16 16 16 16 16 16 16 16   16 16 16 16 16 16 16 16 16 16   16 16 16 16 16 16 16 16 16 16
 99a  16 16 16 16 16 16 16 16 16 16   16 16 16 16 16 16 16 16 16 16   16 16 16 16 16 16 16 16 16 16   16 16 16 16 16 16 16 16 16 16
 99b  16 16 16 16 16 16 16 16 16 16   16 16 16 16 16 16 16 16 16 16   16 16 16 16 16 16 16 16 16 16   16 16 16 16 16 16 16 16 16 16
100a  16 16 16 16 16 16 16 16 16 16   16 16 16 16 16 16 16 16 16 16   16 16 16 16 16 16 16 16 16 16   16 16 16 16 16 16 16 16 16 16
100b  16 16 16 16 16 16 16 16 16 16   16 16 16 16 16 16 16 16 16 16   16 16 16 16 16 16 16 16 16 16   16 16 16 16 16 16 16 16 16 16
101a  16 16 16 16 16 16 16 16 16 16   16 16 16 16 16 16 16 16 16 16   16 16 16 16 16 16 16 16 16 16   16 16 16 16 16 16 16 16 16 16
101b  16 16 16 16 16 16 16 16 16 16   16 16 16 16 16 16 16 16 16 16   16 16 16 16 16 16 16 16 16 16   16 16 16 16 16 16 16 16 16 16
102a  16 16 16 16 16 16 16 16 16 16   16 16 16 16 16 16 16 16 16 16   16 16 16 16 16 16 16 16 16 16   16 16 16 16 16 16 16 16 16 16
102b  16 16 16 16 16 16 16 16 16 16   16 16 16 16 16 16 16 16 16 16   16 16 16 16 16 16 16 16 16 16   16 16 16 16 16 16 16 16 16 16
103a  16 16 16 16 16 16 16 16 16 16   16 16 16 16 16 16 16 16 16 16   16 16 16 16 16 16 16 16 16 16   16 16 16 16 16 16 16 16 16 16
103b  16 16 16 16 16 16 16 16 16 16   16 16 16 16 16 16 16 16 16 16   16 16 16 16 16 16 16 16 16 16   16 16 16 16 16 16 16 16 16 16
104a  16 16 16 16 16 16 16 16 16 16   16 16 16 16 16 16 16 16 16 16   16 16 16 16 16 16 16 16 16 16   16 16 16 16 16 16 16 16 16 16
104b  16 16 16 16 16 16 16 16 16 16   16 16 16 16 16 16 16 16 16 16   16 16 16 16 16 16 16 16 16 16   16 16 16 16 16 16 16 16 16 16
105a  16 16 16 16 16 16 16 16 16 16   16 16 16 16 16 16 16 16 16 16   16 16 16 16 16 16 16 16 16 16   16 16 16 16 16 16 16 16 16 16
105b  16 16 16 16 16 16 16 16 16 16   16 16 16 16 16 16 16 16 16 16   16 16 16 16 16 16 16 16 16 16   16 16 16 16 16 16 16 16 16 16
106a  16 16 16 16 16 16 16 16 16 16   16 16 16 16 16 16 16 16 16 16   16 16 16 16 16 16 16 16 16 16   16 16 16 16 16 16 16 16 16 16
106b  16 16 16 16 16 16 16 16 16 16   16 16 16 16 16 16 16 16 16 16   16 16 16 16 16 16 16 16 16 16   16 16 16 16 16 16 16 16 16 16
107a  16 16 16 16 16 16 16 16 16 16   16 16 16 16 16 16 16 16 16 16   16 16 16 16 16 16 16 16 16 16   16 16 16 16 16 16 16 16 16 16
107b  16 16 16 16 16 16 16 16 16 16   16 16 16 16 16 16 16 16 16 16   16 16 16 16 16 16 16 16 16 16   16 16 16 16 16 16 16 16 16 16
108a  16 16 16 16 16 16 16 16 16 16   16 16 16 16 16 16 16 16 16 16   16 16 16 16 16 16 16 16 16 16   16 16 16 16 16 16 16 16 16 16
108b  16 16 16 16 16 16 16 16 16 16   16 16 16 16 16 16 16 16 16 16   16 16 16 16 16 16 16 16 16 16   16 16 16 16 16 16 16 16 16 16
109a  16 16 16 16 16 16 16 16 16 16   16 16 16 16 16 16 16 16 16 16   16 16 16 16 16 16 16 16 16 16   16 16 16 16 16 16 16 16 16 16
109b  16 16 16 16 16 16 16 16 16 16   16 16 16 16 16 16 16 16 16 16   16 16 16 16 16 16 16 16 16 16   16 16 16 16 16 16 16 16 16 16
110a  16 16 16 16 16 16 16 16 16 16   16 16 16 16 16 16 16 16 16 16   16 16 16 16 16 16 16 16 16 16   16 16 16 16 16 16 16 16 16 16
110b  16 16 16 16 16 16 16 16 16 16   16 16 16 16 16 16 16 16 16 16   16 16 16 16 16 16 16 16 16 16   16 16 16 16 16 16 16 16 16 16
111a  16 16 16 16 16 16 16 16 16 16   16 16 16 16 16 16 16 16 16 16   16 16 16 16 16 16 16 16 16 16   16 16 16 16 16 16 16 16 16 16
111b  16 16 16 16 16 16 16 16 16 16   16 16 16 16 16 16 16 16 16 16   16 16 16 16 16 16 16 16 16 16   16 16 16 16 16 16 16 16 16 16
112a  16 16 16 16 16 16 16 16 16 16   16 16 16 16 16 16 16 16 16 16   16 16 16 16 16 16 16 16 16 16   16 16 16 16 16 16 16 16 16 16
112b  16 16 16 16 16 16 16 16 16 16   16 16 16 16 16 16 16 16 16 16   16 16 16 16 16 16 16 16 16 16   16 16 16 16 16 16 16 16 16 16
113a  16 16 16 16 16 16 16 16 16 16   16 16 16 16 16 16 16 16 16 16   16 16 16 16 16 16 16 16 16 16   16 16 16 16 16 16 16 16 16 16
113b  16 16 16 16 16 16 16 16 16 16   16 16 16 16 16 16 16 16 16 16   16 16 16 16 16 16 16 16 16 16   16 16 16 16 16 16 16 16 16 16
114a  16 16 16 16 16 16 16 16 16 16   16 16 16 16 16 16 16 16 16 16   16 16 16 16 16 16 16 16 16 16   16 16 16 16 16 16 16 16 16 16
114b  16 16 16 16 16 16 16 16 16 16   16 16 16 16 16 16 16 16 16 16   16 16 16 16 16 16 16 16 16 16   16 16 16 16 16 16 16 16 16 16
115a  16 16 16 16 16 16 16 16 16 16   16 16 16 16 16 16 16 16 16 16   16 16 16 16 16 16 16 16 16 16   16 16 16 16 16 16 16 16 16 16
115b  16 16 16 16 16 16 16 16 16 16   16 16 16 16 16 16 16 16 16 16   16 16 16 16 16 16 16 16 16 16   16 16 16 16 16 16 16 16 16 16
116a  16 16 16 16 16 16 16 16 16 16   16 16 16 16 16 16 16 16 16 16   16 16 16 16 16 16 16 16 16 16   16 16 16 16 16 16 16 16 16 16
116b  16 16 16 16 16 16 16 16 16 16   16 16 16 16 16 16 16 16 16 16   16 16 16 16 16 16 16 16 16 16   16 16 16 16 16 16 16 16 16 16
117a  16 16 16 16 16 16 16 16 16 16   16 16 16 16 16 16 16 16 16 16   16 16 16 16 16 16 16 16 16 16   16 16 16 16 16 16 16 16 16 16
117b  16 16 16 16 16 16 16 16 16 16   16 16 16 16 16 16 16 16 16 16   16 16 16 16 16 16 16 16 16 16   16 16 16 16 16 16 16 16 16 16
118a  16 16 16 16 16 16 16 16 16 16   16 16 16 16 16 16 16 16 16 16   16 16 16 16 16 16 16 16 16 16   16 16 16 16 16 16 16 16 16 16
118b  16 16 16 16 16 16 16 16 16 16   16 16 16 16 16 16 16 16 16 16   16 16 16 16 16 16 16 16 16 16   16 16 16 16 16 16 16 16 16 16
119a  16 16 16 16 16 16 16 16 16 16   16 16 16 16 16 16 16 16 16 16   16 16 16 16 16 16 16 16 16 16   16 16 16 16 16 16 16 16 16 16
119b  16 16 16 16 16 16 16 16 16 16   16 16 16 16 16 16 16 16 16 16   16 16 16 16 16 16 16 16 16 16   16 16 16 16 16 16 16 16 16 16
120a  16 16 16 16 16 16 16 16 16 16   16 16 16 16 16 16 16 16 16 16   16 16 16 16 16 16 16 16 16 16   16 16 16 16 16 16 16 16 16 16
120b  16 16 16 16 16 16 16 16 16 16   16 16 16 16 16 16 16 16 16 16   16 16 16 16 16 16 16 16 16 16   16 16 16 16 16 16 16 16 16 16
121a  16 16 16 16 16 16 16 16 16 16   16 16 16 16 16 16 16 16 16 16   16 16 16 16 16 16 16 16 16 16   16 16 16 16 16 16 16 16 16 16
121b  16 16 16 16 16 16 16 16 16 16   16 16 16 16 16 16 16 16 16 16   16 16 16 16 16 16 16 16 16 16   16 16 16 16 16 16 16 16 16 16
122a  16 16 16 16 16 16 16 16 16 16   16 16 16 16 16 16 16 16 16 16   16 16 16 16 16 16 16 16 16 16   16 16 16 16 16 16 16 16 16 16
122b  16 16 16 16 16 16 16 16 16 16   16 16 16 16 16 16 16 16 16 16   16 16 16 16 16 16 16 16 16 16   16 16 16 16 16 16 16 16 16 16
123a  16 16 16 16 16 16 16 16 16 16   16 16 16 16 16 16 16 16 16 16   16 16 16 16 16 16 16 16 16 16   16 16 16 16 16 16 16 16 16 16
123b  16 16 16 16 16 16 16 16 16 16   16 16 16 16 16 16 16 16 16 16   16 16 16 16 16 16 16 16 16 16   16 16 16 16 16 16 16 16 16 16
124a  16 16 16 16 16 16 16 16 16 16   16 16 16 16 16 16 16 16 16 16   16 16 16 16 16 16 16 16 16 16   16 16 16 16 16 16 16 16 16 16
124b  16 16 16 16 16 16 16 16 16 16   16 16 16 16 16 16 16 16 16 16   16 16 16 16 16 16 16 16 16 16   16 16 16 16 16 16 16 16 16 16
125a  16 16 16 16 16 16 16 16 16 16   16 16 16 16 16 16 16 16 16 16   16 16 16 16 16 16 16 16 16 16   16 16 16 16 16 16 16 16 16 16
125b  16 16 16 16 16 16 16 16 16 16   16 16 16 16 16 16 16 16 16 16   16 16 16 16 16 16 16 16 16 16   16 16 16 16 16 16 16 16 16 16
126a  16 16 16 16 16 16 16 16 16 16   16 16 16 16 16 16 16 16 16 16   16 16 16 16 16 16 16 16 16 16   16 16 16 16 16 16 16 16 16 16
126b  16 16 16 16 16 16 16 16 16 16   16 16 16 16 16 16 16 16 16 16   16 16 16 16 16 16 16 16 16 16   16 16 16 16 16 16 16 16 16 16
127a  16 16 16 16 16 16 16 16 16 16   16 16 16 16 16 16 16 16 16 16   16 16 16 16 16 16 16 16 16 16   16 16 16 16 16 16 16 16 16 16
127b  16 16 16 16 16 16 16 16 16 16   16 16 16 16 16 16 16 16 16 16   16 16 16 16 16 16 16 16 16 16   16 16 16 16 16 16 16 16 16 16
128a  16 16 16 16 16 16 16 16 16 16   16 16 16 16 16 16 16 16 16 16   16 16 16 16 16 16 16 16 16 16   16 16 16 16 16 16 16 16 16 16
128b  16 16 16 16 16 16 16 16 16 16   16 16 16 16 16 16 16 16 16 16   16 16 16 16 16 16 16 16 16 16   16 16 16 16 16 16 16 16 16 16
129a  16 16 16 16 16 16 16 16 16 16   16 16 16 16 16 16 16 16 16 16   16 16 16 16 16 16 16 16 16 16   16 16 16 16 16 16 16 16 16 16
129b  16 16 16 16 16 16 16 16 16 16   16 16 16 16 16 16 16 16 16 16   16 16 16 16 16 16 16 16 16 16   16 16 16 16 16 16 16 16 16 16
130a  16 16 16 16 16 16 16 16 16 16   16 16 16 16 16 16 16 16 16 16   16 16 16 16 16 16 16 16 16 16   16 16 16 16 16 16 16 16 16 16
130b  16 16 16 16 16 16 16 16 16 16   16 16 16 16 16 16 16 16 16 16   16 16 16 16 16 16 16 16 16 16   16 16 16 16 16 16 16 16 16 16
131a  16 16 16 16 16 16 16 16 16 16   16 16 16 16 16 16 16 16 16 16   16 16 16 16 16 16 16 16 16 16   16 16 16 16 16 16 16 16 16 16
131b  16 16 16 16 16 16 16 16 16 16   16 16 16 16 16 16 16 16 16 16   16 16 16 16 16 16 16 16 16 16   16 16 16 16 16 16 16 16 16 16
132a  16 16 16 16 16 16 16 16 16 16   16 16 16 16 16 16 16 16 16 16   16 16 16 16 16 16 16 16 16 16   16 16 16 16 16 16 16 16 16 16
132b  16 16 16 16 16 16 16 16 16 16   16 16 16 16 16 16 16 16 16 16   16 16 16 16 16 16 16 16 16 16   16 16 16 16 16 16 16 16 16 16
133a  16 16 16 16 16 16 16 16 16 16   16 16 16 16 16 16 16 16 16 16   16 16 16 16 16 16 16 16 16 16   16 16 16 16 16 16 16 16 16 16
133b  16 16 16 16 16 16 16 16 16 16   16 16 16 16 16 16 16 16 16 16   16 16 16 16 16 16 16 16 16 16   16 16 16 16 16 16 16 16 16 16
134a  16 16 16 16 16 16 16 16 16 16   16 16 16 16 16 16 16 16 16 16   16 16 16 16 16 16 16 16 16 16   16 16 16 16 16 16 16 16 16 16
134b  16 16 16 16 16 16 16 16 16 16   16 16 16 16 16 16 16 16 16 16   16 16 16 16 16 16 16 16 16 16   16 16 16 16 16 16 16 16 16 16
135a  16 16 16 16 16 16 16 16 16 16   16 16 16 16 16 16 16 16 16 16   16 16 16 16 16 16 16 16 16 16   16 16 16 16 16 16 16 16 16 16
135b  16 16 16 16 16 16 16 16 16 16   16 16 16 16 16 16 16 16 16 16   16 16 16 16 16 16 16 16 16 16   16 16 16 16 16 16 16 16 16 16
136a  16 16 16 16 16 16 16 16 16 16   16 16 16 16 16 16 16 16 16 16   16 16 16 16 16 16 16 16 16 16   16 16 16 16 16 16 16 16 16 16
136b  16 16 16 16 16 16 16 16 16 16   16 16 16 16 16 16 16 16 16 16   16 16 16 16 16 16 16 16 16 16   16 16 16 16 16 16 16 16 16 16
137a  16 16 16 16 16 16 16 16 16 16   16 16 16 16 16 16 16 16 16 16   16 16 16 16 16 16 16 16 16 16   16 16 16 16 16 16 16 16 16 16
137b  16 16 16 16 16 16 16 16 16 16   16 16 16 16 16 16 16 16 16 16   16 16 16 16 16 16 16 16 16 16   16 16 16 16 16 16 16 16 16 16
138a  16 16 16 16 16 16 16 16 16 16   16 16 16 16 16 16 16 16 16 16   16 16 16 16 16 16 16 16 16 16   16 16 16 16 16 16 16 16 16 16
138b  16 16 16 16 16 16 16 16 16 16   16 16 16 16 16 16 16 16 16 16   16 16 16 16 16 16 16 16 16 16   16 16 16 16 16 16 16 16 16 16
139a  16 16 16 16 16 16 16 16 16 16   16 16 16 16 16 16 16 16 16 16   16 16 16 16 16 16 16 16 16 16   16 16 16 16 16 16 16 16 16 16
139b  16 16 16 16 16 16 16 16 16 16   16 16 16 16 16 16 16 16 16 16   16 16 16 16 16 16 16 16 16 16   16 16 16 16 16 16 16 16 16 16
140a  16 16 16 16 16 16 16 16 16 16   16 16 16 16 16 16 16 16 16 16   16 16 16 16 16 16 16 16 16 16   16 16 16 16 16 16 16 16 16 16
140b  16 16 16 16 16 16 16 16 16 16   16 16 16 16 16 16 16 16 16 16   16 16 16 16 16 16 16 16 16 16   16 16 16 16 16 16 16 16 16 16
141a  16 16 16 16 16 16 16 16 16 16   16 16 16 16 16 16 16 16 16 16   16 16 16 16 16 16 16 16 16 16   16 16 16 16 16 16 16 16 16 16
141b  16 16 16 16 16 16 16 16 16 16   16 16 16 16 16 16 16 16 16 16   16 16 16 16 16 16 16 16 16 16   16 16 16 16 16 16 16 16 16 16
142a  16 16 16 16 16 16 16 16 16 16   16 16 16 16 16 16 16 16 16 16   16 16 16 16 16 16 16 16 16 16   16 16 16 16 16 16 16 16 16 16
142b  16 16 16 16 16 16 16 16 16 16   16 16 16 16 16 16 16 16 16 16   16 16 16 16 16 16 16 16 16 16   16 16 16 16 16 16 16 16 16 16
143a  16 16 16 16 16 16 16 16 16 16   16 16 16 16 16 16 16 16 16 16   16 16 16 16 16 16 16 16 16 16   16 16 16 16 16 16 16 16 16 16
143b  16 16 16 16 16 16 16 16 16 16   16 16 16 16 16 16 16 16 16 16   16 16 16 16 16 16 16 16 16 16   16 16 16 16 16 16 16 16 16 16
144a  16 16 16 16 16 16 16 16 16 16   16 16 16 16 16 16 16 16 16 16   16 16 16 16 16 16 16 16 16 16   16 16 16 16 16 16 16 16 16 16
144b  16 16 16 16 16 16 16 16 16 16   16 16 16 16 16 16 16 16 16 16   16 16 16 16 16 16 16 16 16 16   16 16 16 16 16 16 16 16 16 16
145a  16 16 16 16 16 16 16 16 16 16   16 16 16 16 16 16 16 16 16 16   16 16 16 16 16 16 16 16 16 16   16 16 16 16 16 16 16 16 16 16
145b  16 16 16 16 16 16 16 16 16 16   16 16 16 16 16 16 16 16 16 16   16 16 16 16 16 16 16 16 16 16   16 16 16 16 16 16 16 16 16 16
146a  16 16 16 16 16 16 16 16 16 16   16 16 16 16 16 16 16 16 16 16   16 16 16 16 16 16 16 16 16 16   16 16 16 16 16 16 16 16 16 16
146b  16 16 16 16 16 16 16 16 16 16   16 16 16 16 16 16 16 16 16 16   16 16 16 16 16 16 16 16 16 16   16 16 16 16 16 16 16 16 16 16
147a  16 16 16 16 16 16 16 16 16 16   16 16 16 16 16 16 16 16 16 16   16 16 16 16 16 16 16 16 16 16   16 16 16 16 16 16 16 16 16 16
147b  16 16 16 16 16 16 16 16 16 16   16 16 16 16 16 16 16 16 16 16   16 16 16 16 16 16 16 16 16 16   16 16 16 16 16 16 16 16 16 16
148a  16 16 16 16 16 16 16 16 16 16   16 16 16 16 16 16 16 16 16 16   16 16 16 16 16 16 16 16 16 16   16 16 16 16 16 16 16 16 16 16
148b  16 16 16 16 16 16 16 16 16 16   16 16 16 16 16 16 16 16 16 16   16 16 16 16 16 16 16 16 16 16   16 16 16 16 16 16 16 16 16 16
149a  16 16 16 16 16 16 16 16 16 16   16 16 16 16 16 16 16 16 16 16   16 16 16 16 16 16 16 16 16 16   16 16 16 16 16 16 16 16 16 16
149b  16 16 16 16 16 16 16 16 16 16   16 16 16 16 16 16 16 16 16 16   16 16 16 16 16 16 16 16 16 16   16 16 16 16 16 16 16 16 16 16
150a  16 16 16 16 16 16 16 16 16 16   16 16 16 16 16 16 16 16 16 16   16 16 16 16 16 16 16 16 16 16   16 16 16 16 16 16 16 16 16 16
150b  16 16 16 16 16 16 16 16 16 16   16 16 16 16 16 16 16 16 16 16   16 16 16 16 16 16 16 16 16 16   16 16 16 16 16 16 16 16 16 16
151a  16 16 16 16 16 16 16 16 16 16   16 16 16 16 16 16 16 16 16 16   16 16 16 16 16 16 16 16 16 16   16 16 16 16 16 16 16 16 16 16
151b  16 16 16 16 16 16 16 16 16 16   16 16 16 16 16 16 16 16 16 16   16 16 16 16 16 16 16 16 16 16   16 16 16 16 16 16 16 16 16 16
152a  16 16 16 16 16 16 16 16 16 16   16 16 16 16 16 16 16 16 16 16   16 16 16 16 16 16 16 16 16 16   16 16 16 16 16 16 16 16 16 16
152b  16 16 16 16 16 16 16 16 16 16   16 16 16 16 16 16 16 16 16 16   16 16 16 16 16 16 16 16 16 16   16 16 16 16 16 16 16 16 16 16
153a  16 16 16 16 16 16 16 16 16 16   16 16 16 16 16 16 16 16 16 16   16 16 16 16 16 16 16 16 16 16   16 16 16 16 16 16 16 16 16 16
153b  16 16 16 16 16 16 16 16 16 16   16 16 16 16 16 16 16 16 16 16   16 16 16 16 16 16 16 16 16 16   16 16 16 16 16 16 16 16 16 16
154a  16 16 16 16 16 16 16 16 16 16   16 16 16 16 16 16 16 16 16 16   16 16 16 16 16 16 16 16 16 16   16 16 16 16 16 16 16 16 16 16
154b  16 16 16 16 16 16 16 16 16 16   16 16 16 16 16 16 16 16 16 16   16 16 16 16 16 16 16 16 16 16   16 16 16 16 16 16 16 16 16 16
155a  16 16 16 16 16 16 16 16 16 16   16 16 16 16 16 16 16 16 16 16   16 16 16 16 16 16 16 16 16 16   16 16 16 16 16 16 16 16 16 16
155b  16 16 16 16 16 16 16 16 16 16   16 16 16 16 16 16 16 16 16 16   16 16 16 16 16 16 16 16 16 16   16 16 16 16 16 16 16 16 16 16
156a  16 16 16 16 16 16 16 16 16 16   16 16 16 16 16 16 16 16 16 16   16 16 16 16 16 16 16 16 16 16   16 16 16 16 16 16 16 16 16 16
156b  16 16 16 16 16 16 16 16 16 16   16 16 16 16 16 16 16 16 16 16   16 16 16 16 16 16 16 16 16 16   16 16 16 16 16 16 16 16 16 16
157a  16 16 16 16 16 16 16 16 16 16   16 16 16 16 16 16 16 16 16 16   16 16 16 16 16 16 16 16 16 16   16 16 16 16 16 16 16 16 16 16
157b  16 16 16 16 16 16 16 16 16 16   16 16 16 16 16 16 16 16 16 16   16 16 16 16 16 16 16 16 16 16   16 16 16 16 16 16 16 16 16 16
158a  16 16 16 16 16 16 16 16 16 16   16 16 16 16 16 16 16 16 16 16   16 16 16 16 16 16 16 16 16 16   16 16 16 16 16 16 16 16 16 16
158b  16 16 16 16 16 16 16 16 16 16   16 16 16 16 16 16 16 16 16 16   16 16 16 16 16 16 16 16 16 16   16 16 16 16 16 16 16 16 16 16
159a  16 16 16 16 16 16 16 16 16 16   16 16 16 16 16 16 16 16 16 16   16 16 16 16 16 16 16 16 16 16   16 16 16 16 16 16 16 16 16 16
159b  16 16 16 16 16 16 16 16 16 16   16 16 16 16 16 16 16 16 16 16   16 16 16 16 16 16 16 16 16 16   16 16 16 16 16 16 16 16 16 16
160a  16 16 16 16 16 16 16 16 16 16   16 16 16 16 16 16 16 16 16 16   16 16 16 16 16 16 16 16 16 16   16 16 16 16 16 16 16 16 16 16
160b  16 16 16 16 16 16 16 16 16 16   16 16 16 16 16 16 16 16 16 16   16 16 16 16 16 16 16 16 16 16   16 16 16 16 16 16 16 16 16 16
161a  16 16 16 16 16 16 16 16 16 16   16 16 16 16 16 16 16 16 16 16   16 16 16 16 16 16 16 16 16 16   16 16 16 16 16 16 16 16 16 16
161b  16 16 16 16 16 16 16 16 16 16   16 16 16 16 16 16 16 16 16 16   16 16 16 16 16 16 16 16 16 16   16 16 16 16 16 16 16 16 16 16
162a  16 16 16 16 16 16 16 16 16 16   16 16 16 16 16 16 16 16 16 16   16 16 16 16 16 16 16 16 16 16   16 16 16 16 16 16 16 16 16 16
162b  16 16 16 16 16 16 16 16 16 16   16 16 16 16 16 16 16 16 16 16   16 16 16 16 16 16 16 16 16 16   16 16 16 16 16 16 16 16 16 16
163a  16 16 16 16 16 16 16 16 16 16   16 16 16 16 16 16 16 16 16 16   16 16 16 16 16 16 16 16 16 16   16 16 16 16 16 16 16 16 16 16
163b  16 16 16 16 16 16 16 16 16 16   16 16 16 16 16 16 16 16 16 16   16 16 16 16 16 16 16 16 16 16   16 16 16 16 16 16 16 16 16 16
164a  16 16 16 16 16 16 16 16 16 16   16 16 16 16 16 16 16 16 16 16   16 16 16 16 16 16 16 16 16 16   16 16 16 16 16 16 16 16 16 16
164b  16 16 16 16 16 16 16 16 16 16   16 16 16 16 16 16 16 16 16 16   16 16 16 16 16 16 16 16 16 16   16 16 16 16 16 16 16 16 16 16
165a  16 16 16 16 16 16 16 16 16 16   16 16 16 16 16 16 16 16 16 16   16 16 16 16 16 16 16 16 16 16   16 16 16 16 16 16 16 16 16 16
165b  16 16 16 16 16 16 16 16 16 16   16 16 16 16 16 16 16 16 16 16   16 16 16 16 16 16 16 16 16 16   16 16 16 16 16 16 16 16 16 16
166a  16 16 16 16 16 16 16 16 16 16   16 16 16 16 16 16 16 16 16 16   16 16 16 16 16 16 16 16 16 16   16 16 16 16 16 16 16 16 16 16
166b  16 16 16 16 16 16 16 16 16 16   16 16 16 16 16 16 16 16 16 16   16 16 16 16 16 16 16 16 16 16   16 16 16 16 16 16 16 16 16 16
167a  16 16 16 16 16 16 16 16 16 16   16 16 16 16 16 16 16 16 16 16   16 16 16 16 16 16 16 16 16 16   16 16 16 16 16 16 16 16 16 16
167b  16 16 16 16 16 16 16 16 16 16   16 16 16 16 16 16 16 16 16 16   16 16 16 16 16 16 16 16 16 16   16 16 16 16 16 16 16 16 16 16
168a  16 16 16 16 16 16 16 16 16 16   16 16 16 16 16 16 16 16 16 16   16 16 16 16 16 16 16 16 16 16   16 16 16 16 16 16 16 16 16 16
168b  16 16 16 16 16 16 16 16 16 16   16 16 16 16 16 16 16 16 16 16   16 16 16 16 16 16 16 16 16 16   16 16 16 16 16 16 16 16 16 16
169a  16 16 16 16 16 16 16 16 16 16   16 16 16 16 16 16 16 16 16 16   16 16 16 16 16 16 16 16 16 16   16 16 16 16 16 16 16 16 16 16
169b  16 16 16 16 16 16 16 16 16 16   16 16 16 16 16 16 16 16 16 16   16 16 16 16 16 16 16 16 16 16   16 16 16 16 16 16 16 16 16 16
170a  16 16 16 16 16 16 16 16 16 16   16 16 16 16 16 16 16 16 16 16   16 16 16 16 16 16 16 16 16 16   16 16 16 16 16 16 16 16 16 16
170b  16 16 16 16 16 16 16 16 16 16   16 16 16 16 16 16 16 16 16 16   16 16 16 16 16 16 16 16 16 16   16 16 16 16 16 16 16 16 16 16
171a  16 16 16 16 16 16 16 16 16 16   16 16 16 16 16 16 16 16 16 16   16 16 16 16 16 16 16 16 16 16   16 16 16 16 16 16 16 16 16 16
171b  16 16 16 16 16 16 16 16 16 16   16 16 16 16 16 16 16 16 16 16   16 16 16 16 16 16 16 16 16 16   16 16 16 16 16 16 16 16 16 16
172a  16 16 16 16 16 16 16 16 16 16   16 16 16 16 16 16 16 16 16 16   16 16 16 16 16 16 16 16 16 16   16 16 16 16 16 16 16 16 16 16
172b  16 16 16 16 16 16 16 16 16 16   16 16 16 16 16 16 16 16 16 16   16 16 16 16 16 16 16 16 16 16   16 16 16 16 16 16 16 16 16 16
173a  16 16 16 16 16 16 16 16 16 16   16 16 16 16 16 16 16 16 16 16   16 16 16 16 16 16 16 16 16 16   16 16 16 16 16 16 16 16 16 16
173b  16 16 16 16 16 16 16 16 16 16   16 16 16 16 16 16 16 16 16 16   16 16 16 16 16 16 16 16 16 16   16 16 16 16 16 16 16 16 16 16
174a  16 16 16 16 16 16 16 16 16 16   16 16 16 16 16 16 16 16 16 16   16 16 16 16 16 16 16 16 16 16   16 16 16 16 16 16 16 16 16 16
174b  16 16 16 16 16 16 16 16 16 16   16 16 16 16 16 16 16 16 16 16   16 16 16 16 16 16 16 16 16 16   16 16 16 16 16 16 16 16 16 16
175a  16 16 16 16 16 16 16 16 16 16   16 16 16 16 16 16 16 16 16 16   16 16 16 16 16 16 16 16 16 16   16 16 16 16 16 16 16 16 16 16
175b  16 16 16 16 16 16 16 16 16 16   16 16 16 16 16 16 16 16 16 16   16 16 16 16 16 16 16 16 16 16   16 16 16 16 16 16 16 16 16 16
176a  16 16 16 16 16 16 16 16 16 16   16 16 16 16 16 16 16 16 16 16   16 16 16 16 16 16 16 16 16 16   16 16 16 16 16 16 16 16 16 16
176b  16 16 16 16 16 16 16 16 16 16   16 16 16 16 16 16 16 16 16 16   16 16 16 16 16 16 16 16 16 16   16 16 16 16 16 16 16 16 16 16
177a  16 16 16 16 16 16 16 16 16 16   16 16 16 16 16 16 16 16 16 16   16 16 16 16 16 16 16 16 16 16   16 16 16 16 16 16 16 16 16 16
177b  16 16 16 16 16 16 16 16 16 16   16 16 16 16 16 16 16 16 16 16   16 16 16 16 16 16 16 16 16 16   16 16 16 16 16 16 16 16 16 16
178a  16 16 16 16 16 16 16 16 16 16   16 16 16 16 16 16 16 16 16 16   16 16 16 16 16 16 16 16 16 16   16 16 16 16 16 16 16 16 16 16
178b  16 16 16 16 16 16 16 16 16 16   16 16 16 16 16 16 16 16 16 16   16 16 16 16 16 16 16 16 16 16   16 16 16 16 16 16 16 16 16 16
179a  16 16 16 16 16 16 16 16 16 16   16 16 16 16 16 16 16 16 16 16   16 16 16 16 16 16 16 16 16 16   16 16 16 16 16 16 16 16 16 16
179b  16 16 16 16 16 16 16 16 16 16   16 16 16 16 16 16 16 16 16 16   16 16 16 16 16 16 16 16 16 16   16 16 16 16 16 16 16 16 16 16
180a  16 16 16 16 16 16 16 16 16 16   16 16 16 16 16 16 16 16 16 16   16 16 16 16 16 16 16 16 16 16   16 16 16 16 16 16 16 16 16 16
180b  16 16 16 16 16 16 16 16 16 16   16 16 16 16 16 16 16 16 16 16   16 16 16 16 16 16 16 16 16 16   16 16 16 16 16 16 16 16 16 16
181a  16 16 16 16 16 16 16 16 16 16   16 16 16 16 16 16 16 16 16 16   16 16 16 16 16 16 16 16 16 16   16 16 16 16 16 16 16 16 16 16
181b  16 16 16 16 16 16 16 16 16 16   16 16 16 16 16 16 16 16 16 16   16 16 16 16 16 16 16 16 16 16   16 16 16 16 16 16 16 16 16 16
182a  16 16 16 16 16 16 16 16 16 16   16 16 16 16 16 16 16 16 16 16   16 16 16 16 16 16 16 16 16 16   16 16 16 16 16 16 16 16 16 16
182b  16 16 16 16 16 16 16 16 16 16   16 16 16 16 16 16 16 16 16 16   16 16 16 16 16 16 16 16 16 16   16 16 16 16 16 16 16 16 16 16
183a  16 16 16 16 16 16 16 16 16 16   16 16 16 16 16 16 16 16 16 16   16 16 16 16 16 16 16 16 16 16   16 16 16 16 16 16 16 16 16 16
183b  16 16 16 16 16 16 16 16 16 16   16 16 16 16 16 16 16 16 16 16   16 16 16 16 16 16 16 16 16 16   16 16 16 16 16 16 16 16 16 16
184a  16 16 16 16 16 16 16 16 16 16   16 16 16 16 16 16 16 16 16 16   16 16 16 16 16 16 16 16 16 16   16 16 16 16 16 16 16 16 16 16
184b  16 16 16 16 16 16 16 16 16 16   16 16 16 16 16 16 16 16 16 16   16 16 16 16 16 16 16 16 16 16   16 16 16 16 16 16 16 16 16 16
185a  16 16 16 16 16 16 16 16 16 16   16 16 16 16 16 16 16 16 16 16   16 16 16 16 16 16 16 16 16 16   16 16 16 16 16 16 16 16 16 16
185b  16 16 16 16 16 16 16 16 16 16   16 16 16 16 16 16 16 16 16 16   16 16 16 16 16 16 16 16 16 16   16 16 16 16 16 16 16 16 16 16
186a  16 16 16 16 16 16 16 16 16 16   16 16 16 16 16 16 16 16 16 16   16 16 16 16 16 16 16 16 16 16   16 16 16 16 16 16 16 16 16 16
186b  16 16 16 16 16 16 16 16 16 16   16 16 16 16 16 16 16 16 16 16   16 16 16 16 16 16 16 16 16 16   16 16 16 16 16 16 16 16 16 16
187a  16 16 16 16 16 16 16 16 16 16   16 16 16 16 16 16 16 16 16 16   16 16 16 16 16 16 16 16 16 16   16 16 16 16 16 16 16 16 16 16
187b  16 16 16 16 16 16 16 16 16 16   16 16 16 16 16 16 16 16 16 16   16 16 16 16 16 16 16 16 16 16   16 16 16 16 16 16 16 16 16 16
188a  16 16 16 16 16 16 16 16 16 16   16 16 16 16 16 16 16 16 16 16   16 16 16 16 16 16 16 16 16 16   16 16 16 16 16 16 16 16 16 16
188b  16 16 16 16 16 16 16 16 16 16   16 16 16 16 16 16 16 16 16 16   16 16 16 16 16 16 16 16 16 16   16 16 16 16 16 16 16 16 16 16
189a  16 16 16 16 16 16 16 16 16 16   16 16 16 16 16 16 16 16 16 16   16 16 16 16 16 16 16 16 16 16   16 16 16 16 16 16 16 16 16 16
189b  16 16 16 16 16 16 16 16 16 16   16 16 16 16 16 16 16 16 16 16   16 16 16 16 16 16 16 16 16 16   16 16 16 16 16 16 16 16 16 16
190a  16 16 16 16 16 16 16 16 16 16   16 16 16 16 16 16 16 16 16 16   16 16 16 16 16 16 16 16 16 16   16 16 16 16 16 16 16 16 16 16
190b  16 16 16 16 16 16 16 16 16 16   16 16 16 16 16 16 16 16 16 16   16 16 16 16 16 16 16 16 16 16   16 16 16 16 16 16 16 16 16 16
191a  16 16 16 16 16 16 16 16 16 16   16 16 16 16 16 16 16 16 16 16   16 16 16 16 16 16 16 16 16 16   16 16 16 16 16 16 16 16 16 16
191b  16 16 16 16 16 16 16 16 16 16   16 16 16 16 16 16 16 16 16 16   16 16 16 16 16 16 16 16 16 16   16 16 16 16 16 16 16 16 16 16
192a  16 16 16 16 16 16 16 16 16 16   16 16 16 16 16 16 16 16 16 16   16 16 16 16 16 16 16 16 16 16   16 16 16 16 16 16 16 16 16 16
192b  16 16 16 16 16 16 16 16 16 16   16 16 16 16 16 16 16 16 16 16   16 16 16 16 16 16 16 16 16 16   16 16 16 16 16 16 16 16 16 16
193a  16 16 16 16 16 16 16 16 16 16   16 16 16 16 16 16 16 16 16 16   16 16 16 16 16 16 16 16 16 16   16 16 16 16 16 16 16 16 16 16
193b  16 16 16 16 16 16 16 16 16 16   16 16 16 16 16 16 16 16 16 16   16 16 16 16 16 16 16 16 16 16   16 16 16 16 16 16 16 16 16 16
194a  16 16 16 16 16 16 16 16 16 16   16 16 16 16 16 16 16 16 16 16   16 16 16 16 16 16 16 16 16 16   16 16 16 16 16 16 16 16 16 16
194b  16 16 16 16 16 16 16 16 16 16   16 16 16 16 16 16 16 16 16 16   16 16 16 16 16 16 16 16 16 16   16 16 16 16 16 16 16 16 16 16
195a  16 16 16 16 16 16 16 16 16 16   16 16 16 16 16 16 16 16 16 16   16 16 16 16 16 16 16 16 16 16   16 16 16 16 16 16 16 16 16 16
195b  16 16 16 16 16 16 16 16 16 16   16 16 16 16 16 16 16 16 16 16   16 16 16 16 16 16 16 16 16 16   16 16 16 16 16 16 16 16 16 16
196a  16 16 16 16 16 16 16 16 16 16   16 16 16 16 16 16 16 16 16 16   16 16 16 16 16 16 16 16 16 16   16 16 16 16 16 16 16 16 16 16
196b  16 16 16 16 16 16 16 16 16 16   16 16 16 16 16 16 16 16 16 16   16 16 16 16 16 16 16 16 16 16   16 16 16 16 16 16 16 16 16 16
197a  16 16 16 16 16 16 16 16 16 16   16 16 16 16 16 16 16 16 16 16   16 16 16 16 16 16 16 16 16 16   16 16 16 16 16 16 16 16 16 16
197b  16 16 16 16 16 16 16 16 16 16   16 16 16 16 16 16 16 16 16 16   16 16 16 16 16 16 16 16 16 16   16 16 16 16 16 16 16 16 16 16
198a  16 16 16 16 16 16 16 16 16 16   16 16 16 16 16 16 16 16 16 16   16 16 16 16 16 16 16 16 16 16   16 16 16 16 16 16 16 16 16 16
198b  16 16 16 16 16 16 16 16 16 16   16 16 16 16 16 16 16 16 16 16   16 16 16 16 16 16 16 16 16 16   16 16 16 16 16 16 16 16 16 16
199a  16 16 16 16 16 16 16 16 16 16   16 16 16 16 16 16 16 16 16 16   16 16 16 16 16 16 16 16 16 16   16 16 16 16 16 16 16 16 16 16
199b  16 16 16 16 16 16 16 16 16 16   16 16 16 16 16 16 16 16 16 16   16 16 16 16 16 16 16 16 16 16   16 16 16 16 16 16 16 16 16 16
200a  16 16 16 16 16 16 16 16 16 16   16 16 16 16 16 16 16 16 16 16   16 16 16 16 16 16 16 16 16 16   16 16 16 16 16 16 16 16 16 16
200b  16 16 16 16 16 16 16 16 16 16   16 16 16 16 16 16 16 16 16 16   16 16 16 16 16 16 16 16 16 16   16 16 16 16 16 16 16 16 16 16
201a  16 16 16 16 16 16 16 16 16 16   16 16 16 16 16 16 16 16 16 16   16 16 16 16 16 16 16 16 16 16   16 16 16 16 16 16 16 16 16 16
201b  16 16 16 16 16 16 16 16 16 16   16 16 16 16 16 16 16 16 16 16   16 16 16 16 16 16 16 16 16 16   16 16 16 16 16 16 16 16 16 16
202a  16 16 16 16 16 16 16 16 16 16   16 16 16 16 16 16 16 16 16 16   16 16 16 16 16 16 16 16 16 16   16 16 16 16 16 16 16 16 16 16
202b  16 16 16 16 16 16 16 16 16 16   16 16 16 16 16 16 16 16 16 16   16 16 16 16 16 16 16 16 16 16   16 16 16 16 16 16 16 16 16 16
203a  16 16 16 16 16 16 16 16 16 16   16 16 16 16 16 16 16 16 16 16   16 16 16 16 16 16 16 16 16 16   16 16 16 16 16 16 16 16 16 16
203b  16 16 16 16 16 16 16 16 16 16   16 16 16 16 16 16 16 16 16 16   16 16 16 16 16 16 16 16 16 16   16 16 16 16 16 16 16 16 16 16
204a  16 16 16 16 16 16 16 16 16 16   16 16 16 16 16 16 16 16 16 16   16 16 16 16 16 16 16 16 16 16   16 16 16 16 16 16 16 16 16 16
204b  16 16 16 16 16 16 16 16 16 16   16 16 16 16 16 16 16 16 16 16   16 16 16 16 16 16 16 16 16 16   16 16 16 16 16 16 16 16 16 16
205a  16 16 16 16 16 16 16 16 16 16   16 16 16 16 16 16 16 16 16 16   16 16 16 16 16 16 16 16 16 16   16 16 16 16 16 16 16 16 16 16
205b  16 16 16 16 16 16 16 16 16 16   16 16 16 16 16 16 16 16 16 16   16 16 16 16 16 16 16 16 16 16   16 16 16 16 16 16 16 16 16 16
206a  16 16 16 16 16 16 16 16 16 16   16 16 16 16 16 16 16 16 16 16   16 16 16 16 16 16 16 16 16 16   16 16 16 16 16 16 16 16 16 16
206b  16 16 16 16 16 16 16 16 16 16   16 16 16 16 16 16 16 16 16 16   16 16 16 16 16 16 16 16 16 16   16 16 16 16 16 16 16 16 16 16
207a  16 16 16 16 16 16 16 16 16 16   16 16 16 16 16 16 16 16 16 16   16 16 16 16 16 16 16 16 16 16   16 16 16 16 16 16 16 16 16 16
207b  16 16 16 16 16 16 16 16 16 16   16 16 16 16 16 16 16 16 16 16   16 16 16 16 16 16 16 16 16 16   16 16 16 16 16 16 16 16 16 16
208a  16 16 16 16 16 16 16 16 16 16   16 16 16 16 16 16 16 16 16 16   16 16 16 16 16 16 16 16 16 16   16 16 16 16 16 16 16 16 16 16
208b  16 16 16 16 16 16 16 16 16 16   16 16 16 16 16 16 16 16 16 16   16 16 16 16 16 16 16 16 16 16   16 16 16 16 16 16 16 16 16 16
209a  16 16 16 16 16 16 16 16 16 16   16 16 16 16 16 16 16 16 16 16   16 16 16 16 16 16 16 16 16 16   16 16 16 16 16 16 16 16 16 16
209b  16 16 16 16 16 16 16 16 16 16   16 16 16 16 16 16 16 16 16 16   16 16 16 16 16 16 16 16 16 16   16 16 16 16 16 16 16 16 16 16
210a  16 16 16 16 16 16 16 16 16 16   16 16 16 16 16 16 16 16 16 16   16 16 16 16 16 16 16 16 16 16   16 16 16 16 16 16 16 16 16 16
210b  16 16 16 16 16 16 16 16 16 16   16 16 16 16 16 16 16 16 16 16   16 16 16 16 16 16 16 16 16 16   16 16 16 16 16 16 16 16 16 16
211a  16 16 16 16 16 16 16 16 16 16   16 16 16 16 16 16 16 16 16 16   16 16 16 16 16 16 16 16 16 16   16 16 16 16 16 16 16 16 16 16
211b  16 16 16 16 16 16 16 16 16 16   16 16 16 16 16 16 16 16 16 16   16 16 16 16 16 16 16 16 16 16   16 16 16 16 16 16 16 16 16 16
212a  16 16 16 16 16 16 16 16 16 16   16 16 16 16 16 16 16 16 16 16   16 16 16 16 16 16 16 16 16 16   16 16 16 16 16 16 16 16 16 16
212b  16 16 16 16 16 16 16 16 16 16   16 16 16 16 16 16 16 16 16 16   16 16 16 16 16 16 16 16 16 16   16 16 16 16 16 16 16 16 16 16
213a  16 16 16 16 16 16 16 16 16 16   16 16 16 16 16 16 16 16 16 16   16 16 16 16 16 16 16 16 16 16   16 16 16 16 16 16 16 16 16 16
213b  16 16 16 16 16 16 16 16 16 16   16 16 16 16 16 16 16 16 16 16   16 16 16 16 16 16 16 16 16 16   16 16 16 16 16 16 16 16 16 16
214a  16 16 16 16 16 16 16 16 16 16   16 16 16 16 16 16 16 16 16 16   16 16 16 16 16 16 16 16 16 16   16 16 16 16 16 16 16 16 16 16
214b  16 16 16 16 16 16 16 16 16 16   16 16 16 16 16 16 16 16 16 16   16 16 16 16 16 16 16 16 16 16   16 16 16 16 16 16 16 16 16 16
215a  16 16 16 16 16 16 16 16 16 16   16 16 16 16 16 16 16 16 16 16   16 16 16 16 16 16 16 16 16 16   16 16 16 16 16 16 16 16 16 16
215b  16 16 16 16 16 16 16 16 16 16   16 16 16 16 16 16 16 16 16 16   16 16 16 16 16 16 16 16 16 16   16 16 16 16 16 16 16 16 16 16
216a  16 16 16 16 16 16 16 16 16 16   16 16 16 16 16 16 16 16 16 16   16 16 16 16 16 16 16 16 16 16   16 16 16 16 16 16 16 16 16 16
216b  16 16 16 16 16 16 16 16 16 16   16 16 16 16 16 16 16 16 16 16   16 16 16 16 16 16 16 16 16 16   16 16 16 16 16 16 16 16 16 16
217a  16 16 16 16 16 16 16 16 16 16   16 16 16 16 16 16 16 16 16 16   16 16 16 16 16 16 16 16 16 16   16 16 16 16 16 16 16 16 16 16
217b  16 16 16 16 16 16 16 16 16 16   16 16 16 16 16 16 16 16 16 16   16 16 16 16 16 16 16 16 16 16   16 16 16 16 16 16 16 16 16 16
218a  16 16 16 16 16 16 16 16 16 16   16 16 16 16 16 16 16 16 16 16   16 16 16 16 16 16 16 16 16 16   16 16 16 16 16 16 16 16 16 16
218b  16 16 16 16 16 16 16 16 16 16   16 16 16 16 16 16 16 16 16 16   16 16 16 16 16 16 16 16 16 16   16 16 16 16 16 16 16 16 16 16
219a  16 16 16 16 16 16 16 16 16 16   16 16 16 16 16 16 16 16 16 16   16 16 16 16 16 16 16 16 16 16   16 16 16 16 16 16 16 16 16 16
219b  16 16 16 16 16 16 16 16 16 16   16 16 16 16 16 16 16 16 16 16   16 16 16 16 16 16 16 16 16 16   16 16 16 16 16 16 16 16 16 16
220a  16 16 16 16 16 16 16 16 16 16   16 16 16 16 16 16 16 16 16 16   16 16 16 16 16 16 16 16 16 16   16 16 16 16 16 16 16 16 16 16
220b  16 16 16 16 16 16 16 16 16 16   16 16 16 16 16 16 16 16 16 16   16 16 16 16 16 16 16 16 16 16   16 16 16 16 16 16 16 16 16 16
221a  16 16 16 16 16 16 16 16 16 16   16 16 16 16 16 16 16 16 16 16   16 16 16 16 16 16 16 16 16 16   16 16 16 16 16 16 16 16 16 16
221b  16 16 16 16 16 16 16 16 16 16   16 16 16 16 16 16 16 16 16 16   16 16 16 16 16 16 16 16 16 16   16 16 16 16 16 16 16 16 16 16
222a  16 16 16 16 16 16 16 16 16 16   16 16 16 16 16 16 16 16 16 16   16 16 16 16 16 16 16 16 16 16   16 16 16 16 16 16 16 16 16 16
222b  16 16 16 16 16 16 16 16 16 16   16 16 16 16 16 16 16 16 16 16   16 16 16 16 16 16 16 16 16 16   16 16 16 16 16 16 16 16 16 16
223a  16 16 16 16 16 16 16 16 16 16   16 16 16 16 16 16 16 16 16 16   16 16 16 16 16 16 16 16 16 16   16 16 16 16 16 16 16 16 16 16
223b  16 16 16 16 16 16 16 16 16 16   16 16 16 16 16 16 16 16 16 16   16 16 16 16 16 16 16 16 16 16   16 16 16 16 16 16 16 16 16 16
224a  16 16 16 16 16 16 16 16 16 16   16 16 16 16 16 16 16 16 16 16   16 16 16 16 16 16 16 16 16 16   16 16 16 16 16 16 16 16 16 16
224b  16 16 16 16 16 16 16 16 16 16   16 16 16 16 16 16 16 16 16 16   16 16 16 16 16 16 16 16 16 16   16 16 16 16 16 16 16 16 16 16
225a  16 16 16 16 16 16 16 16 16 16   16 16 16 16 16 16 16 16 16 16   16 16 16 16 16 16 16 16 16 16   16 16 16 16 16 16 16 16 16 16
225b  16 16 16 16 16 16 16 16 16 16   16 16 16 16 16 16 16 16 16 16   16 16 16 16 16 16 16 16 16 16   16 16 16 16 16 16 16 16 16 16
226a  16 16 16 16 16 16 16 16 16 16   16 16 16 16 16 16 16 16 16 16   16 16 16 16 16 16 16 16 16 16   16 16 16 16 16 16 16 16 16 16
226b  16 16 16 16 16 16 16 16 16 16   16 16 16 16 16 16 16 16 16 16   16 16 16 16 16 16 16 16 16 16   16 16 16 16 16 16 16 16 16 16
227a  16 16 16 16 16 16 16 16 16 16   16 16 16 16 16 16 16 16 16 16   16 16 16 16 16 16 16 16 16 16   16 16 16 16 16 16 16 16 16 16
227b  16 16 16 16 16 16 16 16 16 16   16 16 16 16 16 16 16 16 16 16   16 16 16 16 16 16 16 16 16 16   16 16 16 16 16 16 16 16 16 16
228a  16 16 16 16 16 16 16 16 16 16   16 16 16 16 16 16 16 16 16 16   16 16 16 16 16 16 16 16 16 16   16 16 16 16 16 16 16 16 16 16
228b  16 16 16 16 16 16 16 16 16 16   16 16 16 16 16 16 16 16 16 16   16 16 16 16 16 16 16 16 16 16   16 16 16 16 16 16 16 16 16 16
229a  16 16 16 16 16 16 16 16 16 16   16 16 16 16 16 16 16 16 16 16   16 16 16 16 16 16 16 16 16 16   16 16 16 16 16 16 16 16 16 16
229b  16 16 16 16 16 16 16 16 16 16   16 16 16 16 16 16 16 16 16 16   16 16 16 16 16 16 16 16 16 16   16 16 16 16 16 16 16 16 16 16
230a  16 16 16 16 16 16 16 16 16 16   16 16 16 16 16 16 16 16 16 16   16 16 16 16 16 16 16 16 16 16   16 16 16 16 16 16 16 16 16 16
230b  16 16 16 16 16 16 16 16 16 16   16 16 16 16 16 16 16 16 16 16   16 16 16 16 16 16 16 16 16 16   16 16 16 16 16 16 16 16 16 16
231a  16 16 16 16 16 16 16 16 16 16   16 16 16 16 16 16 16 16 16 16   16 16 16 16 16 16 16 16 16 16   16 16 16 16 16 16 16 16 16 16
231b  16 16 16 16 16 16 16 16 16 16   16 16 16 16 16 16 16 16 16 16   16 16 16 16 16 16 16 16 16 16   16 16 16 16 16 16 16 16 16 16
232a  16 16 16 16 16 16 16 16 16 16   16 16 16 16 16 16 16 16 16 16   16 16 16 16 16 16 16 16 16 16   16 16 16 16 16 16 16 16 16 16
232b  16 16 16 16 16 16 16 16 16 16   16 16 16 16 16 16 16 16 16 16   16 16 16 16 16 16 16 16 16 16   16 16 16 16 16 16 16 16 16 16
233a  16 16 16 16 16 16 16 16 16 16   16 16 16 16 16 16 16 16 16 16   16 16 16 16 16 16 16 16 16 16   16 16 16 16 16 16 16 16 16 16
233b  16 16 16 16 16 16 16 16 16 16   16 16 16 16 16 16 16 16 16 16   16 16 16 16 16 16 16 16 16 16   16 16 16 16 16 16 16 16 16 16
234a  16 16 16 16 16 16 16 16 16 16   16 16 16 16 16 16 16 16 16 16   16 16 16 16 16 16 16 16 16 16   16 16 16 16 16 16 16 16 16 16
234b  16 16 16 16 16 16 16 16 16 16   16 16 16 16 16 16 16 16 16 16   16 16 16 16 16 16 16 16 16 16   16 16 16 16 16 16 16 16 16 16
235a  16 16 16 16 16 16 16 16 16 16   16 16 16 16 16 16 16 16 16 16   16 16 16 16 16 16 16 16 16 16   16 16 16 16 16 16 16 16 16 16
235b  16 16 16 16 16 16 16 16 16 16   16 16 16 16 16 16 16 16 16 16   16 16 16 16 16 16 16 16 16 16   16 16 16 16 16 16 16 16 16 16
236a  16 16 16 16 16 16 16 16 16 16   16 16 16 16 16 16 16 16 16 16   16 16 16 16 16 16 16 16 16 16   16 16 16 16 16 16 16 16 16 16
236b  16 16 16 16 16 16 16 16 16 16   16 16 16 16 16 16 16 16 16 16   16 16 16 16 16 16 16 16 16 16   16 16 16 16 16 16 16 16 16 16
237a  16 16 16 16 16 16 16 16 16 16   16 16 16 16 16 16 16 16 16 16   16 16 16 16 16 16 16 16 16 16   16 16 16 16 16 16 16 16 16 16
237b  16 16 16 16 16 16 16 16 16 16   16 16 16 16 16 16 16 16 16 16   16 16 16 16 16 16 16 16 16 16   16 16 16 16 16 16 16 16 16 16
238a  16 16 16 16 16 16 16 16 16 16   16 16 16 16 16 16 16 16 16 16   16 16 16 16 16 16 16 16 16 16   16 16 16 16 16 16 16 16 16 16
238b  16 16 16 16 16 16 16 16 16 16   16 16 16 16 16 16 16 16 16 16   16 16 16 16 16 16 16 16 16 16   16 16 16 16 16 16 16 16 16 16
239a  16 16 16 16 16 16 16 16 16 16   16 16 16 16 16 16 16 16 16 16   16 16 16 16 16 16 16 16 16 16   16 16 16 16 16 16 16 16 16 16
239b  16 16 16 16 16 16 16 16 16 16   16 16 16 16 16 16 16 16 16 16   16 16 16 16 16 16 16 16 16 16   16 16 16 16 16 16 16 16 16 16
240a  16 16 16 16 16 16 16 16 16 16   16 16 16 16 16 16 16 16 16 16   16 16 16 16 16 16 16 16 16 16   16 16 16 16 16 16 16 16 16 16
240b  16 16 16 16 16 16 16 16 16 16   16 16 16 16 16 16 16 16 16 16   16 16 16 16 16 16 16 16 16 16   16 16 16 16 16 16 16 16 16 16
241a  16 16 16 16 16 16 16 16 16 16   16 16 16 16 16 16 16 16 16 16   16 16 16 16 16 16 16 16 16 16   16 16 16 16 16 16 16 16 16 16
241b  16 16 16 16 16 16 16 16 16 16   16 16 16 16 16 16 16 16 16 16   16 16 16 16 16 16 16 16 16 16   16 16 16 16 16 16 16 16 16 16
242a  16 16 16 16 16 16 16 16 16 16   16 16 16 16 16 16 16 16 16 16   16 16 16 16 16 16 16 16 16 16   16 16 16 16 16 16 16 16 16 16
242b  16 16 16 16 16 16 16 16 16 16   16 16 16 16 16 16 16 16 16 16   16 16 16 16 16 16 16 16 16 16   16 16 16 16 16 16 16 16 16 16
243a  16 16 16 16 16 16 16 16 16 16   16 16 16 16 16 16 16 16 16 16   16 16 16 16 16 16 16 16 16 16   16 16 16 16 16 16 16 16 16 16
243b  16 16 16 16 16 16 16 16 16 16   16 16 16 16 16 16 16 16 16 16   16 16 16 16 16 16 16 16 16 16   16 16 16 16 16 16 16 16 16 16
244a  16 16 16 16 16 16 16 16 16 16   16 16 16 16 16 16 16 16 16 16   16 16 16 16 16 16 16 16 16 16   16 16 16 16 16 16 16 16 16 16
244b  16 16 16 16 16 16 16 16 16 16   16 16 16 16 16 16 16 16 16 16   16 16 16 16 16 16 16 16 16 16   16 16 16 16 16 16 16 16 16 16
245a  16 16 16 16 16 16 16 16 16 16   16 16 16 16 16 16 16 16 16 16   16 16 16 16 16 16 16 16 16 16   16 16 16 16 16 16 16 16 16 16
245b  16 16 16 16 16 16 16 16 16 16   16 16 16 16 16 16 16 16 16 16   16 16 16 16 16 16 16 16 16 16   16 16 16 16 16 16 16 16 16 16
246a  16 16 16 16 16 16 16 16 16 16   16 16 16 16 16 16 16 16 16 16   16 16 16 16 16 16 16 16 16 16   16 16 16 16 16 16 16 16 16 16
246b  16 16 16 16 16 16 16 16 16 16   16 16 16 16 16 16 16 16 16 16   16 16 16 16 16 16 16 16 16 16   16 16 16 16 16 16 16 16 16 16
247a  16 16 16 16 16 16 16 16 16 16   16 16 16 16 16 16 16 16 16 16   16 16 16 16 16 16 16 16 16 16   16 16 16 16 16 16 16 16 16 16
247b  16 16 16 16 16 16 16 16 16 16   16 16 16 16 16 16 16 16 16 16   16 16 16 16 16 16 16 16 16 16   16 16 16 16 16 16 16 16 16 16
248a  16 16 16 16 16 16 16 16 16 16   16 16 16 16 16 16 16 16 16 16   16 16 16 16 16 16 16 16 16 16   16 16 16 16 16 16 16 16 16 16
248b  16 16 16 16 16 16 16 16 16 16   16 16 16 16 16 16 16 16 16 16   16 16 16 16 16 16 16 16 16 16   16 16 16 16 16 16 16 16 16 16
249a  16 16 16 16 16 16 16 16 16 16   16 16 16 16 16 16 16 16 16 16   16 16 16 16 16 16 16 16 16 16   16 16 16 16 16 16 16 16 16 16
249b  16 16 16 16 16 16 16 16 16 16   16 16 16 16 16 16 16 16 16 16   16 16 16 16 16 16 16 16 16 16   16 16 16 16 16 16 16 16 16 16
250a  16 16 16 16 16 16 16 16 16 16   16 16 16 16 16 16 16 16 16 16   16 16 16 16 16 16 16 16 16 16   16 16 16 16 16 16 16 16 16 16
250b  16 16 16 16 16 16 16 16 16 16   16 16 16 16 16 16 16 16 16 16   16 16 16 16 16 16 16 16 16 16   16 16 16 16 16 16 16 16 16 16
251a  16 16 16 16 16 16 16 16 16 16   16 16 16 16 16 16 16 16 16 16   16 16 16 16 16 16 16 16 16 16   16 16 16 16 16 16 16 16 16 16
251b  16 16 16 16 16 16 16 16 16 16   16 16 16 16 16 16 16 16 16 16   16 16 16 16 16 16 16 16 16 16   16 16 16 16 16 16 16 16 16 16
252a  16 16 16 16 16 16 16 16 16 16   16 16 16 16 16 16 16 16 16 16   16 16 16 16 16 16 16 16 16 16   16 16 16 16 16 16 16 16 16 16
252b  16 16 16 16 16 16 16 16 16 16   16 16 16 16 16 16 16 16 16 16   16 16 16 16 16 16 16 16 16 16   16 16 16 16 16 16 16 16 16 16
253a  16 16 16 16 16 16 16 16 16 16   16 16 16 16 16 16 16 16 16 16   16 16 16 16 16 16 16 16 16 16   16 16 16 16 16 16 16 16 16 16
253b  16 16 16 16 16 16 16 16 16 16   16 16 16 16 16 16 16 16 16 16   16 16 16 16 16 16 16 16 16 16   16 16 16 16 16 16 16 16 16 16
254a  16 16 16 16 16 16 16 16 16 16   16 16 16 16 16 16 16 16 16 16   16 16 16 16 16 16 16 16 16 16   16 16 16 16 16 16 16 16 16 16
254b  16 16 16 16 16 16 16 16 16 16   16 16 16 16 16 16 16 16 16 16   16 16 16 16 16 16 16 16 16 16   16 16 16 16 16 16 16 16 16 16
255a  16 16 16 16 16 16 16 16 16 16   16 16 16 16 16 16 16 16 16 16   16 16 16 16 16 16 16 16 16 16   16 16 16 16 16 16 16 16 16 16
255b  16 16 16 16 16 16 16 16 16 16   16 16 16 16 16 16 16 16 16 16   16 16 16 16 16 16 16 16 16 16   16 16 16 16 16 16 16 16 16 16
256a  16 16 16 16 16 16 16 16 16 16   16 16 16 16 16 16 16 16 16 16   16 16 16 16 16 16 16 16 16 16   16 16 16 16 16 16 16 16 16 16
256b  16 16 16 16 16 16 16 16 16 16   16 16 16 16 16 16 16 16 16 16   16 16 16 16 16 16 16 16 16 16   16 16 16 16 16 16 16 16 16 16
257a  16 16 16 16 16 16 16 16 16 16   16 16 16 16 16 16 16 16 16 16   16 16 16 16 16 16 16 16 16 16   16 16 16 16 16 16 16 16 16 16
257b  16 16 16 16 16 16 16 16 16 16   16 16 16 16 16 16 16 16 16 16   16 16 16 16 16 16 16 16 16 16   16 16 16 16 16 16 16 16 16 16
258a  16 16 16 16 16 16 16 16 16 16   16 16 16 16 16 16 16 16 16 16   16 16 16 16 16 16 16 16 16 16   16 16 16 16 16 16 16 16 16 16
258b  16 16 16 16 16 16 16 16 16 16   16 16 16 16 16 16 16 16 16 16   16 16 16 16 16 16 16 16 16 16   16 16 16 16 16 16 16 16 16 16
259a  16 16 16 16 16 16 16 16 16 16   16 16 16 16 16 16 16 16 16 16   16 16 16 16 16 16 16 16 16 16   16 16 16 16 16 16 16 16 16 16
259b  16 16 16 16 16 16 16 16 16 16   16 16 16 16 16 16 16 16 16 16   16 16 16 16 16 16 16 16 16 16   16 16 16 16 16 16 16 16 16 16
260a  16 16 16 16 16 16 16 16 16 16   16 16 16 16 16 16 16 16 16 16   16 16 16 16 16 16 16 16 16 16   16 16 16 16 16 16 16 16 16 16
260b  16 16 16 16 16 16 16 16 16 16   16 16 16 16 16 16 16 16 16 16   16 16 16 16 16 16 16 16 16 16   16 16 16 16 16 16 16 16 16 16
261a  16 16 16 16 16 16 16 16 16 16   16 16 16 16 16 16 16 16 16 16   16 16 16 16 16 16 16 16 16 16   16 16 16 16 16 16 16 16 16 16
261b  16 16 16 16 16 16 16 16 16 16   16 16 16 16 16 16 16 16 16 16   16 16 16 16 16 16 16 16 16 16   16 16 16 16 16 16 16 16 16 16
262a  16 16 16 16 16 16 16 16 16 16   16 16 16 16 16 16 16 16 16 16   16 16 16 16 16 16 16 16 16 16   16 16 16 16 16 16 16 16 16 16
262b  16 16 16 16 16 16 16 16 16 16   16 16 16 16 16 16 16 16 16 16   16 16 16 16 16 16 16 16 16 16   16 16 16 16 16 16 16 16 16 16
263a  16 16 16 16 16 16 16 16 16 16   16 16 16 16 16 16 16 16 16 16   16 16 16 16 16 16 16 16 16 16   16 16 16 16 16 16 16 16 16 16
263b  16 16 16 16 16 16 16 16 16 16   16 16 16 16 16 16 16 16 16 16   16 16 16 16 16 16 16 16 16 16   16 16 16 16 16 16 16 16 16 16
264a  16 16 16 16 16 16 16 16 16 16   16 16 16 16 16 16 16 16 16 16   16 16 16 16 16 16 16 16 16 16   16 16 16 16 16 16 16 16 16 16
264b  16 16 16 16 16 16 16 16 16 16   16 16 16 16 16 16 16 16 16 16   16 16 16 16 16 16 16 16 16 16   16 16 16 16 16 16 16 16 16 16
265a  16 16 16 16 16 16 16 16 16 16   16 16 16 16 16 16 16 16 16 16   16 16 16 16 16 16 16 16 16 16   16 16 16 16 16 16 16 16 16 16
265b  16 16 16 16 16 16 16 16 16 16   16 16 16 16 16 16 16 16 16 16   16 16 16 16 16 16 16 16 16 16   16 16 16 16 16 16 16 16 16 16
266a  16 16 16 16 16 16 16 16 16 16   16 16 16 16 16 16 16 16 16 16   16 16 16 16 16 16 16 16 16 16   16 16 16 16 16 16 16 16 16 16
266b  16 16 16 16 16 16 16 16 16 16   16 16 16 16 16 16 16 16 16 16   16 16 16 16 16 16 16 16 16 16   16 16 16 16 16 16 16 16 16 16
267a  16 16 16 16 16 16 16 16 16 16   16 16 16 16 16 16 16 16 16 16   16 16 16 16 16 16 16 16 16 16   16 16 16 16 16 16 16 16 16 16
267b  16 16 16 16 16 16 16 16 16 16   16 16 16 16 16 16 16 16 16 16   16 16 16 16 16 16 16 16 16 16   16 16 16 16 16 16 16 16 16 16
268a  16 16 16 16 16 16 16 16 16 16   16 16 16 16 16 16 16 16 16 16   16 16 16 16 16 16 16 16 16 16   16 16 16 16 16 16 16 16 16 16
268b  16 16 16 16 16 16 16 16 16 16   16 16 16 16 16 16 16 16 16 16   16 16 16 16 16 16 16 16 16 16   16 16 16 16 16 16 16 16 16 16
269a  16 16 16 16 16 16 16 16 16 16   16 16 16 16 16 16 16 16 16 16   16 16 16 16 16 16 16 16 16 16   16 16 16 16 16 16 16 16 16 16
269b  16 16 16 16 16 16 16 16 16 16   16 16 16 16 16 16 16 16 16 16   16 16 16 16 16 16 16 16 16 16   16 16 16 16 16 16 16 16 16 16
270a  16 16 16 16 16 16 16 16 16 16   16 16 16 16 16 16 16 16 16 16   16 16 16 16 16 16 16 16 16 16   16 16 16 16 16 16 16 16 16 16
270b  16 16 16 16 16 16 16 16 16 16   16 16 16 16 16 16 16 16 16 16   16 16 16 16 16 16 16 16 16 16   16 16 16 16 16 16 16 16 16 16
271a  16 16 16 16 16 16 16 16 16 16   16 16 16 16 16 16 16 16 16 16   16 16 16 16 16 16 16 16 16 16   16 16 16 16 16 16 16 16 16 16
271b  16 16 16 16 16 16 16 16 16 16   16 16 16 16 16 16 16 16 16 16   16 16 16 16 16 16 16 16 16 16   16 16 16 16 16 16 16 16 16 16
272a  16 16 16 16 16 16 16 16 16 16   16 16 16 16 16 16 16 16 16 16   16 16 16 16 16 16 16 16 16 16   16 16 16 16 16 16 16 16 16 16
272b  16 16 16 16 16 16 16 16 16 16   16 16 16 16 16 16 16 16 16 16   16 16 16 16 16 16 16 16 16 16   16 16 16 16 16 16 16 16 16 16
273a  16 16 16 16 16 16 16 16 16 16   16 16 16 16 16 16 16 16 16 16   16 16 16 16 16 16 16 16 16 16   16 16 16 16 16 16 16 16 16 16
273b  16 16 16 16 16 16 16 16 16 16   16 16 16 16 16 16 16 16 16 16   16 16 16 16 16 16 16 16 16 16   16 16 16 16 16 16 16 16 16 16
274a  16 16 16 16 16 16 16 16 16 16   16 16 16 16 16 16 16 16 16 16   16 16 16 16 16 16 16 16 16 16   16 16 16 16 16 16 16 16 16 16
274b  16 16 16 16 16 16 16 16 16 16   16 16 16 16 16 16 16 16 16 16   16 16 16 16 16 16 16 16 16 16   16 16 16 16 16 16 16 16 16 16
275a  16 16 16 16 16 16 16 16 16 16   16 16 16 16 16 16 16 16 16 16   16 16 16 16 16 16 16 16 16 16   16 16 16 16 16 16 16 16 16 16
275b  16 16 16 16 16 16 16 16 16 16   16 16 16 16 16 16 16 16 16 16   16 16 16 16 16 16 16 16 16 16   16 16 16 16 16 16 16 16 16 16
276a  16 16 16 16 16 16 16 16 16 16   16 16 16 16 16 16 16 16 16 16   16 16 16 16 16 16 16 16 16 16   16 16 16 16 16 16 16 16 16 16
276b  16 16 16 16 16 16 16 16 16 16   16 16 16 16 16 16 16 16 16 16   16 16 16 16 16 16 16 16 16 16   16 16 16 16 16 16 16 16 16 16
277a  16 16 16 16 16 16 16 16 16 16   16 16 16 16 16 16 16 16 16 16   16 16 16 16 16 16 16 16 16 16   16 16 16 16 16 16 16 16 16 16
277b  16 16 16 16 16 16 16 16 16 16   16 16 16 16 16 16 16 16 16 16   16 16 16 16 16 16 16 16 16 16   16 16 16 16 16 16 16 16 16 16
278a  16 16 16 16 16 16 16 16 16 16   16 16 16 16 16 16 16 16 16 16   16 16 16 16 16 16 16 16 16 16   16 16 16 16 16 16 16 16 16 16
278b  16 16 16 16 16 16 16 16 16 16   16 16 16 16 16 16 16 16 16 16   16 16 16 16 16 16 16 16 16 16   16 16 16 16 16 16 16 16 16 16
279a  16 16 16 16 16 16 16 16 16 16   16 16 16 16 16 16 16 16 16 16   16 16 16 16 16 16 16 16 16 16   16 16 16 16 16 16 16 16 16 16
279b  16 16 16 16 16 16 16 16 16 16   16 16 16 16 16 16 16 16 16 16   16 16 16 16 16 16 16 16 16 16   16 16 16 16 16 16 16 16 16 16
280a  16 16 16 16 16 16 16 16 16 16   16 16 16 16 16 16 16 16 16 16   16 16 16 16 16 16 16 16 16 16   16 16 16 16 16 16 16 16 16 16
280b  16 16 16 16 16 16 16 16 16 16   16 16 16 16 16 16 16 16 16 16   16 16 16 16 16 16 16 16 16 16   16 16 16 16 16 16 16 16 16 16
281a  16 16 16 16 16 16 16 16 16 16   16 16 16 16 16 16 16 16 16 16   16 16 16 16 16 16 16 16 16 16   16 16 16 16 16 16 16 16 16 16
281b  16 16 16 16 16 16 16 16 16 16   16 16 16 16 16 16 16 16 16 16   16 16 16 16 16 16 16 16 16 16   16 16 16 16 16 16 16 16 16 16
282a  16 16 16 16 16 16 16 16 16 16   16 16 16 16 16 16 16 16 16 16   16 16 16 16 16 16 16 16 16 16   16 16 16 16 16 16 16 16 16 16
282b  16 16 16 16 16 16 16 16 16 16   16 16 16 16 16 16 16 16 16 16   16 16 16 16 16 16 16 16 16 16   16 16 16 16 16 16 16 16 16 16
283a  16 16 16 16 16 16 16 16 16 16   16 16 16 16 16 16 16 16 16 16   16 16 16 16 16 16 16 16 16 16   16 16 16 16 16 16 16 16 16 16
283b  16 16 16 16 16 16 16 16 16 16   16 16 16 16 16 16 16 16 16 16   16 16 16 16 16 16 16 16 16 16   16 16 16 16 16 16 16 16 16 16
284a  16 16 16 16 16 16 16 16 16 16   16 16 16 16 16 16 16 16 16 16   16 16 16 16 16 16 16 16 16 16   16 16 16 16 16 16 16 16 16 16
284b  16 16 16 16 16 16 16 16 16 16   16 16 16 16 16 16 16 16 16 16   16 16 16 16 16 16 16 16 16 16   16 16 16 16 16 16 16 16 16 16
285a  16 16 16 16 16 16 16 16 16 16   16 16 16 16 16 16 16 16 16 16   16 16 16 16 16 16 16 16 16 16   16 16 16 16 16 16 16 16 16 16
285b  16 16 16 16 16 16 16 16 16 16   16 16 16 16 16 16 16 16 16 16   16 16 16 16 16 16 16 16 16 16   16 16 16 16 16 16 16 16 16 16
286a  16 16 16 16 16 16 16 16 16 16   16 16 16 16 16 16 16 16 16 16   16 16 16 16 16 16 16 16 16 16   16 16 16 16 16 16 16 16 16 16
286b  16 16 16 16 16 16 16 16 16 16   16 16 16 16 16 16 16 16 16 16   16 16 16 16 16 16 16 16 16 16   16 16 16 16 16 16 16 16 16 16
287a  16 16 16 16 16 16 16 16 16 16   16 16 16 16 16 16 16 16 16 16   16 16 16 16 16 16 16 16 16 16   16 16 16 16 16 16 16 16 16 16
287b  16 16 16 16 16 16 16 16 16 16   16 16 16 16 16 16 16 16 16 16   16 16 16 16 16 16 16 16 16 16   16 16 16 16 16 16 16 16 16 16
288a  16 16 16 16 16 16 16 16 16 16   16 16 16 16 16 16 16 16 16 16   16 16 16 16 16 16 16 16 16 16   16 16 16 16 16 16 16 16 16 16
288b  16 16 16 16 16 16 16 16 16 16   16 16 16 16 16 16 16 16 16 16   16 16 16 16 16 16 16 16 16 16   16 16 16 16 16 16 16 16 16 16
289a  16 16 16 16 16 16 16 16 16 16   16 16 16 16 16 16 16 16 16 16   16 16 16 16 16 16 16 16 16 16   16 16 16 16 16 16 16 16 16 16
289b  16 16 16 16 16 16 16 16 16 16   16 16 16 16 16 16 16 16 16 16   16 16 16 16 16 16 16 16 16 16   16 16 16 16 16 16 16 16 16 16
290a  16 16 16 16 16 16 16 16 16 16   16 16 16 16 16 16 16 16 16 16   16 16 16 16 16 16 16 16 16 16   16 16 16 16 16 16 16 16 16 16
290b  16 16 16 16 16 16 16 16 16 16   16 16 16 16 16 16 16 16 16 16   16 16 16 16 16 16 16 16 16 16   16 16 16 16 16 16 16 16 16 16
291a  16 16 16 16 16 16 16 16 16 16   16 16 16 16 16 16 16 16 16 16   16 16 16 16 16 16 16 16 16 16   16 16 16 16 16 16 16 16 16 16
291b  16 16 16 16 16 16 16 16 16 16   16 16 16 16 16 16 16 16 16 16   16 16 16 16 16 16 16 16 16 16   16 16 16 16 16 16 16 16 16 16
292a  16 16 16 16 16 16 16 16 16 16   16 16 16 16 16 16 16 16 16 16   16 16 16 16 16 16 16 16 16 16   16 16 16 16 16 16 16 16 16 16
292b  16 16 16 16 16 16 16 16 16 16   16 16 16 16 16 16 16 16 16 16   16 16 16 16 16 16 16 16 16 16   16 16 16 16 16 16 16 16 16 16
293a  16 16 16 16 16 16 16 16 16 16   16 16 16 16 16 16 16 16 16 16   16 16 16 16 16 16 16 16 16 16   16 16 16 16 16 16 16 16 16 16
293b  16 16 16 16 16 16 16 16 16 16   16 16 16 16 16 16 16 16 16 16   16 16 16 16 16 16 16 16 16 16   16 16 16 16 16 16 16 16 16 16
294a  16 16 16 16 16 16 16 16 16 16   16 16 16 16 16 16 16 16 16 16   16 16 16 16 16 16 16 16 16 16   16 16 16 16 16 16 16 16 16 16
294b  16 16 16 16 16 16 16 16 16 16   16 16 16 16 16 16 16 16 16 16   16 16 16 16 16 16 16 16 16 16   16 16 16 16 16 16 16 16 16 16
295a  16 16 16 16 16 16 16 16 16 16   16 16 16 16 16 16 16 16 16 16   16 16 16 16 16 16 16 16 16 16   16 16 16 16 16 16 16 16 16 16
295b  16 16 16 16 16 16 16 16 16 16   16 16 16 16 16 16 16 16 16 16   16 16 16 16 16 16 16 16 16 16   16 16 16 16 16 16 16 16 16 16
296a  16 16 16 16 16 16 16 16 16 16   16 16 16 16 16 16 16 16 16 16   16 16 16 16 16 16 16 16 16 16   16 16 16 16 16 16 16 16 16 16
296b  16 16 16 16 16 16 16 16 16 16   16 16 16 16 16 16 16 16 16 16   16 16 16 16 16 16 16 16 16 16   16 16 16 16 16 16 16 16 16 16
297a  16 16 16 16 16 16 16 16 16 16   16 16 16 16 16 16 16 16 16 16   16 16 16 16 16 16 16 16 16 16   16 16 16 16 16 16 16 16 16 16
297b  16 16 16 16 16 16 16 16 16 16   16 16 16 16 16 16 16 16 16 16   16 16 16 16 16 16 16 16 16 16   16 16 16 16 16 16 16 16 16 16
298a  16 16 16 16 16 16 16 16 16 16   16 16 16 16 16 16 16 16 16 16   16 16 16 16 16 16 16 16 16 16   16 16 16 16 16 16 16 16 16 16
298b  16 16 16 16 16 16 16 16 16 16   16 16 16 16 16 16 16 16 16 16   16 16 16 16 16 16 16 16 16 16   16 16 16 16 16 16 16 16 16 16
299a  16 16 16 16 16 16 16 16 16 16   16 16 16 16 16 16 16 16 16 16   16 16 16 16 16 16 16 16 16 16   16 16 16 16 16 16 16 16 16 16
299b  16 16 16 16 16 16 16 16 16 16   16 16 16 16 16 16 16 16 16 16   16 16 16 16 16 16 16 16 16 16   16 16 16 16 16 16 16 16 16 16
300a  16 16 16 16 16 16 16 16 16 16   16 16 16 16 16 16 16 16 16 16   16 16 16 16 16 16 16 16 16 16   16 16 16 16 16 16 16 16 16 16
300b  16 16 16 16 16 16 16 16 16 16   16 16 16 16 16 16 16 16 16 16   16 16 16 16 16 16 16 16 16 16   16 16 16 16 16 16 16 16 16 16
301a  16 16 16 16 16 16 16 16 16 16   16 16 16 16 16 16 16 16 16 16   16 16 16 16 16 16 16 16 16 16   16 16 16 16 16 16 16 16 16 16
301b  16 16 16 16 16 16 16 16 16 16   16 16 16 16 16 16 16 16 16 16   16 16 16 16 16 16 16 16 16 16   16 16 16 16 16 16 16 16 16 16
302a  16 16 16 16 16 16 16 16 16 16   16 16 16 16 16 16 16 16 16 16   16 16 16 16 16 16 16 16 16 16   16 16 16 16 16 16 16 16 16 16
302b  16 16 16 16 16 16 16 16 16 16   16 16 16 16 16 16 16 16 16 16   16 16 16 16 16 16 16 16 16 16   16 16 16 16 16 16 16 16 16 16
303a  16 16 16 16 16 16 16 16 16 16   16 16 16 16 16 16 16 16 16 16   16 16 16 16 16 16 16 16 16 16   16 16 16 16 16 16 16 16 16 16
303b  16 16 16 16 16 16 16 16 16 16   16 16 16 16 16 16 16 16 16 16   16 16 16 16 16 16 16 16 16 16   16 16 16 16 16 16 16 16 16 16
304a  16 16 16 16 16 16 16 16 16 16   16 16 16 16 16 16 16 16 16 16   16 16 16 16 16 16 16 16 16 16   16 16 16 16 16 16 16 16 16 16
304b  16 16 16 16 16 16 16 16 16 16   16 16 16 16 16 16 16 16 16 16   16 16 16 16 16 16 16 16 16 16   16 16 16 16 16 16 16 16 16 16
305a  16 16 16 16 16 16 16 16 16 16   16 16 16 16 16 16 16 16 16 16   16 16 16 16 16 16 16 16 16 16   16 16 16 16 16 16 16 16 16 16
305b  16 16 16 16 16 16 16 16 16 16   16 16 16 16 16 16 16 16 16 16   16 16 16 16 16 16 16 16 16 16   16 16 16 16 16 16 16 16 16 16
306a  16 16 16 16 16 16 16 16 16 16   16 16 16 16 16 16 16 16 16 16   16 16 16 16 16 16 16 16 16 16   16 16 16 16 16 16 16 16 16 16
306b  16 16 16 16 16 16 16 16 16 16   16 16 16 16 16 16 16 16 16 16   16 16 16 16 16 16 16 16 16 16   16 16 16 16 16 16 16 16 16 16
307a  16 16 16 16 16 16 16 16 16 16   16 16 16 16 16 16 16 16 16 16   16 16 16 16 16 16 16 16 16 16   16 16 16 16 16 16 16 16 16 16
307b  16 16 16 16 16 16 16 16 16 16   16 16 16 16 16 16 16 16 16 16   16 16 16 16 16 16 16 16 16 16   16 16 16 16 16 16 16 16 16 16
308a  16 16 16 16 16 16 16 16 16 16   16 16 16 16 16 16 16 16 16 16   16 16 16 16 16 16 16 16 16 16   16 16 16 16 16 16 16 16 16 16
308b  16 16 16 16 16 16 16 16 16 16   16 16 16 16 16 16 16 16 16 16   16 16 16 16 16 16 16 16 16 16   16 16 16 16 16 16 16 16 16 16
309a  16 16 16 16 16 16 16 16 16 16   16 16 16 16 16 16 16 16 16 16   16 16 16 16 16 16 16 16 16 16   16 16 16 16 16 16 16 16 16 16
309b  16 16 16 16 16 16 16 16 16 16   16 16 16 16 16 16 16 16 16 16   16 16 16 16 16 16 16 16 16 16   16 16 16 16 16 16 16 16 16 16
310a  16 16 16 16 16 16 16 16 16 16   16 16 16 16 16 16 16 16 16 16   16 16 16 16 16 16 16 16 16 16   16 16 16 16 16 16 16 16 16 16
310b  16 16 16 16 16 16 16 16 16 16   16 16 16 16 16 16 16 16 16 16   16 16 16 16 16 16 16 16 16 16   16 16 16 16 16 16 16 16 16 16
311a  16 16 16 16 16 16 16 16 16 16   16 16 16 16 16 16 16 16 16 16   16 16 16 16 16 16 16 16 16 16   16 16 16 16 16 16 16 16 16 16
311b  16 16 16 16 16 16 16 16 16 16   16 16 16 16 16 16 16 16 16 16   16 16 16 16 16 16 16 16 16 16   16 16 16 16 16 16 16 16 16 16
312a  16 16 16 16 16 16 16 16 16 16   16 16 16 16 16 16 16 16 16 16   16 16 16 16 16 16 16 16 16 16   16 16 16 16 16 16 16 16 16 16
312b  16 16 16 16 16 16 16 16 16 16   16 16 16 16 16 16 16 16 16 16   16 16 16 16 16 16 16 16 16 16   16 16 16 16 16 16 16 16 16 16
313a  16 16 16 16 16 16 16 16 16 16   16 16 16 16 16 16 16 16 16 16   16 16 16 16 16 16 16 16 16 16   16 16 16 16 16 16 16 16 16 16
313b  16 16 16 16 16 16 16 16 16 16   16 16 16 16 16 16 16 16 16 16   16 16 16 16 16 16 16 16 16 16   16 16 16 16 16 16 16 16 16 16
314a  16 16 16 16 16 16 16 16 16 16   16 16 16 16 16 16 16 16 16 16   16 16 16 16 16 16 16 16 16 16   16 16 16 16 16 16 16 16 16 16
314b  16 16 16 16 16 16 16 16 16 16   16 16 16 16 16 16 16 16 16 16   16 16 16 16 16 16 16 16 16 16   16 16 16 16 16 16 16 16 16 16
315a  16 16 16 16 16 16 16 16 16 16   16 16 16 16 16 16 16 16 16 16   16 16 16 16 16 16 16 16 16 16   16 16 16 16 16 16 16 16 16 16
315b  16 16 16 16 16 16 16 16 16 16   16 16 16 16 16 16 16 16 16 16   16 16 16 16 16 16 16 16 16 16   16 16 16 16 16 16 16 16 16 16
316a  16 16 16 16 16 16 16 16 16 16   16 16 16 16 16 16 16 16 16 16   16 16 16 16 16 16 16 16 16 16   16 16 16 16 16 16 16 16 16 16
316b  16 16 16 16 16 16 16 16 16 16   16 16 16 16 16 16 16 16 16 16   16 16 16 16 16 16 16 16 16 16   16 16 16 16 16 16 16 16 16 16
317a  16 16 16 16 16 16 16 16 16 16   16 16 16 16 16 16 16 16 16 16   16 16 16 16 16 16 16 16 16 16   16 16 16 16 16 16 16 16 16 16
317b  16 16 16 16 16 16 16 16 16 16   16 16 16 16 16 16 16 16 16 16   16 16 16 16 16 16 16 16 16 16   16 16 16 16 16 16 16 16 16 16
318a  16 16 16 16 16 16 16 16 16 16   16 16 16 16 16 16 16 16 16 16   16 16 16 16 16 16 16 16 16 16   16 16 16 16 16 16 16 16 16 16
318b  16 16 16 16 16 16 16 16 16 16   16 16 16 16 16 16 16 16 16 16   16 16 16 16 16 16 16 16 16 16   16 16 16 16 16 16 16 16 16 16
319a  16 16 16 16 16 16 16 16 16 16   16 16 16 16 16 16 16 16 16 16   16 16 16 16 16 16 16 16 16 16   16 16 16 16 16 16 16 16 16 16
319b  16 16 16 16 16 16 16 16 16 16   16 16 16 16 16 16 16 16 16 16   16 16 16 16 16 16 16 16 16 16   16 16 16 16 16 16 16 16 16 16
320a  16 16 16 16 16 16 16 16 16 16   16 16 16 16 16 16 16 16 16 16   16 16 16 16 16 16 16 16 16 16   16 16 16 16 16 16 16 16 16 16
320b  16 16 16 16 16 16 16 16 16 16   16 16 16 16 16 16 16 16 16 16   16 16 16 16 16 16 16 16 16 16   16 16 16 16 16 16 16 16 16 16
321a  16 16 16 16 16 16 16 16 16 16   16 16 16 16 16 16 16 16 16 16   16 16 16 16 16 16 16 16 16 16   16 16 16 16 16 16 16 16 16 16
321b  16 16 16 16 16 16 16 16 16 16   16 16 16 16 16 16 16 16 16 16   16 16 16 16 16 16 16 16 16 16   16 16 16 16 16 16 16 16 16 16
322a  16 16 16 16 16 16 16 16 16 16   16 16 16 16 16 16 16 16 16 16   16 16 16 16 16 16 16 16 16 16   16 16 16 16 16 16 16 16 16 16
322b  16 16 16 16 16 16 16 16 16 16   16 16 16 16 16 16 16 16 16 16   16 16 16 16 16 16 16 16 16 16   16 16 16 16 16 16 16 16 16 16
323a  16 16 16 16 16 16 16 16 16 16   16 16 16 16 16 16 16 16 16 16   16 16 16 16 16 16 16 16 16 16   16 16 16 16 16 16 16 16 16 16
323b  16 16 16 16 16 16 16 16 16 16   16 16 16 16 16 16 16 16 16 16   16 16 16 16 16 16 16 16 16 16   16 16 16 16 16 16 16 16 16 16
324a  16 16 16 16 16 16 16 16 16 16   16 16 16 16 16 16 16 16 16 16   16 16 16 16 16 16 16 16 16 16   16 16 16 16 16 16 16 16 16 16
324b  16 16 16 16 16 16 16 16 16 16   16 16 16 16 16 16 16 16 16 16   16 16 16 16 16 16 16 16 16 16   16 16 16 16 16 16 16 16 16 16
325a  16 16 16 16 16 16 16 16 16 16   16 16 16 16 16 16 16 16 16 16   16 16 16 16 16 16 16 16 16 16   16 16 16 16 16 16 16 16 16 16
325b  16 16 16 16 16 16 16 16 16 16   16 16 16 16 16 16 16 16 16 16   16 16 16 16 16 16 16 16 16 16   16 16 16 16 16 16 16 16 16 16
326a  16 16 16 16 16 16 16 16 16 16   16 16 16 16 16 16 16 16 16 16   16 16 16 16 16 16 16 16 16 16   16 16 16 16 16 16 16 16 16 16
326b  16 16 16 16 16 16 16 16 16 16   16 16 16 16 16 16 16 16 16 16   16 16 16 16 16 16 16 16 16 16   16 16 16 16 16 16 16 16 16 16
327a  16 16 16 16 16 16 16 16 16 16   16 16 16 16 16 16 16 16 16 16   16 16 16 16 16 16 16 16 16 16   16 16 16 16 16 16 16 16 16 16
327b  16 16 16 16 16 16 16 16 16 16   16 16 16 16 16 16 16 16 16 16   16 16 16 16 16 16 16 16 16 16   16 16 16 16 16 16 16 16 16 16
328a  16 16 16 16 16 16 16 16 16 16   16 16 16 16 16 16 16 16 16 16   16 16 16 16 16 16 16 16 16 16   16 16 16 16 16 16 16 16 16 16
328b  16 16 16 16 16 16 16 16 16 16   16 16 16 16 16 16 16 16 16 16   16 16 16 16 16 16 16 16 16 16   16 16 16 16 16 16 16 16 16 16
329a  16 16 16 16 16 16 16 16 16 16   16 16 16 16 16 16 16 16 16 16   16 16 16 16 16 16 16 16 16 16   16 16 16 16 16 16 16 16 16 16
329b  16 16 16 16 16 16 16 16 16 16   16 16 16 16 16 16 16 16 16 16   16 16 16 16 16 16 16 16 16 16   16 16 16 16 16 16 16 16 16 16
330a  16 16 16 16 16 16 16 16 16 16   16 16 16 16 16 16 16 16 16 16   16 16 16 16 16 16 16 16 16 16   16 16 16 16 16 16 16 16 16 16
330b  16 16 16 16 16 16 16 16 16 16   16 16 16 16 16 16 16 16 16 16   16 16 16 16 16 16 16 16 16 16   16 16 16 16 16 16 16 16 16 16
331a  16 16 16 16 16 16 16 16 16 16   16 16 16 16 16 16 16 16 16 16   16 16 16 16 16 16 16 16 16 16   16 16 16 16 16 16 16 16 16 16
331b  16 16 16 16 16 16 16 16 16 16   16 16 16 16 16 16 16 16 16 16   16 16 16 16 16 16 16 16 16 16   16 16 16 16 16 16 16 16 16 16
332a  16 16 16 16 16 16 16 16 16 16   16 16 16 16 16 16 16 16 16 16   16 16 16 16 16 16 16 16 16 16   16 16 16 16 16 16 16 16 16 16
332b  16 16 16 16 16 16 16 16 16 16   16 16 16 16 16 16 16 16 16 16   16 16 16 16 16 16 16 16 16 16   16 16 16 16 16 16 16 16 16 16
333a  16 16 16 16 16 16 16 16 16 16   16 16 16 16 16 16 16 16 16 16   16 16 16 16 16 16 16 16 16 16   16 16 16 16 16 16 16 16 16 16
333b  16 16 16 16 16 16 16 16 16 16   16 16 16 16 16 16 16 16 16 16   16 16 16 16 16 16 16 16 16 16   16 16 16 16 16 16 16 16 16 16
334a  16 16 16 16 16 16 16 16 16 16   16 16 16 16 16 16 16 16 16 16   16 16 16 16 16 16 16 16 16 16   16 16 16 16 16 16 16 16 16 16
334b  16 16 16 16 16 16 16 16 16 16   16 16 16 16 16 16 16 16 16 16   16 16 16 16 16 16 16 16 16 16   16 16 16 16 16 16 16 16 16 16
335a  16 16 16 16 16 16 16 16 16 16   16 16 16 16 16 16 16 16 16 16   16 16 16 16 16 16 16 16 16 16   16 16 16 16 16 16 16 16 16 16
335b  16 16 16 16 16 16 16 16 16 16   16 16 16 16 16 16 16 16 16 16   16 16 16 16 16 16 16 16 16 16   16 16 16 16 16 16 16 16 16 16
336a  16 16 16 16 16 16 16 16 16 16   16 16 16 16 16 16 16 16 16 16   16 16 16 16 16 16 16 16 16 16   16 16 16 16 16 16 16 16 16 16
336b  16 16 16 16 16 16 16 16 16 16   16 16 16 16 16 16 16 16 16 16   16 16 16 16 16 16 16 16 16 16   16 16 16 16 16 16 16 16 16 16
