###    1  2  3  4  5  6  7  8  9 10   11 12 13 14 15 16 17 18 19 20   21 22 23 24 25 26 27 28 29 30   31 32 33 34 35 36 37 38 39 40   
###   41 42 43 44 45 46 47 48 49 50   51 52 53 54 55 56 57 58 59 60   61 62 63 64 65 66 67 68 69 70   71 72 73 74 75 76 77 78 79 80   
  1a   7  7  7  7  7  7  7  7  7  7    7  7  7  7  7  7  7  7  7  7    7  7  7  7  7  7  7  7  7  7    7  7  7  7  7  7  7  7  7  7   
  1b   7  7  7  7  7  7  7  7  7  7    7  7  7  7  7  7  7  7  7  7    7  7  7  7  7  7  7  7  7  7    7  7  7  7  7  7  7  7  7  7   
  2a   7  7  7  7  7  7  7  7  7  7    7  7  7  7  7  7  7  7  7  7    7  7  7  7  7  7  7  7  7  7    7  7  7  7  7  7  7  7  7  7   
  2b   7  7  7  7  7  7  7  7  7  7    7  7  7  7  7  7  7  7  7  7    7  7  7  7  7  7  7  7  7  7    7  7  7  7  7  7  7  7  7  7   
  3a   7  7  7  7  7  7  7  7  7  7    7  7  7  7  7  7  7  7  7  7    7  7  7  7  7  7  7  7  7  7    7  7  7  7  7  7  7  7  7  7   
  3b   7  7  7  7  7  7  7  7  7  7    7  7  7  7  7  7  7  7  7  7    7  7  7  7  7  7  7  7  7  7    7  7  7  7  7  7  7  7  7  7   
  4a   7  7  7  7  7  7  7  7  7  7    7  7  7  7  7  7  7  7  7  7    7  7  7  7  7  7  7  7  7  7    7  7  7  7  7  7  7  7  7  7   
  4b   7  7  7  7  7  7  7  7  7  7    7  7  7  7  7  7  7  7  7  7    7  7  7  7  7  7  7  7  7  7    7  7  7  7  7  7  7  7  7  7   
  5a   7  7  7  7  7  7  7  7  7  7    7  7  7  7  7  7  7  7  7  7    7  7  7  7  7  7  7  7  7  7    7  7  7  7  7  7  7  7  7  7   
  5b   7  7  7  7  7  7  7  7  7  7    7  7  7  7  7  7  7  7  7  7    7  7  7  7  7  7  7  7  7  7    7  7  7  7  7  7  7  7  7  7   
  6a   7  7  7  7  7  7  7  7  7  7    7  7  7  7  7  7  7  7  7  7    7  7  7  7  7  7  7  7  7  7    7  7  7  7  7  7  7  7  7  7   
  6b   7  7  7  7  7  7  7  7  7  7    7  7  7  7  7  7  7  7  7  7    7  7  7  7  7  7  7  7  7  7    7  7  7  7  7  7  7  7  7  7   
  7a   7  7  7  7  7  7  7  7  7  7    7  7  7  7  7  7  7  7  7  7    7  7  7  7  7  7  7  7  7  7    7  7  7  7  7  7  7  7  7  7   
  7b   7  7  7  7  7  7  7  7  7  7    7  7  7  7  7  7  7  7  7  7    7  7  7  7  7  7  7  7  7  7    7  7  7  7  7  7  7  7  7  7   
  8a   7  7  7  7  7  7  7  7  7  7    7  7  7  7  7  7  7  7  7  7    7  7  7  7  7  7  7  7  7  7    7  7  7  7  7  7  7  7  7  7   
  8b   7  7  7  7  7  7  7  7  7  7    7  7  7  7  7  7  7  7  7  7    7  7  7  7  7  7  7  7  7  7    7  7  7  7  7  7  7  7  7  7   
  9a   7  7  7  7  7  7  7  7  7  7    7  7  7  7  7  7  7  7  7  7    7  7  7  7  7  7  7  7  7  7    7  7  7  7  7  7  7  7  7  7   
  9b   7  7  7  7  7  7  7  7  7  7    7  7  7  7  7  7  7  7  7  7    7  7  7  7  7  7  7  7  7  7    7  7  7  7  7  7  7  7  7  7   
 10a   7  7  7  7  7  7  7  7  7  7    7  7  7  7  7  7  7  7  7  7    7  7  7  7  7  7  7  7  7  7    7  7  7  7  7  7  7  7  7  7   
 10b   7  7  7  7  7  7  7  7  7  7    7  7  7  7  7  7  7  7  7  7    7  7  7  7  7  7  7  7  7  7    7  7  7  7  7  7  7  7  7  7   
 11a   7  7  7  7  7  7  7  7  7  7    7  7  7  7  7  7  7  7  7  7    7  7  7  7  7  7  7  7  7  7    7  7  7  7  7  7  7  7  7  7   
 11b   7  7  7  7  7  7  7  7  7  7    7  7  7  7  7  7  7  7  7  7    7  7  7  7  7  7  7  7  7  7    7  7  7  7  7  7  7  7  7  7   
 12a   7  7  7  7  7  7  7  7  7  7    7  7  7  7  7  7  7  7  7  7    7  7  7  7  7  7  7  7  7  7    7  7  7  7  7  7  7  7  7  7   
 12b   7  7  7  7  7  7  7  7  7  7    7  7  7  7  7  7  7  7  7  7    7  7  7  7  7  7  7  7  7  7    7  7  7  7  7  7  7  7  7  7   
 13a   7  7  7  7  7  7  7  7  7  7    7  7  7  7  7  7  7  7  7  7    7  7  7  7  7  7  7  7  7  7    7  7  7  7  7  7  7  7  7  7   
 13b   7  7  7  7  7  7  7  7  7  7    7  7  7  7  7  7  7  7  7  7    7  7  7  7  7  7  7  7  7  7    7  7  7  7  7  7  7  7  7  7   
 14a   7  7  7  7  7  7  7  7  7  7    7  7  7  7  7  7  7  7  7  7    7  7  7  7  7  7  7  7  7  7    7  7  7  7  7  7  7  7  7  7   
 14b   7  7  7  7  7  7  7  7  7  7    7  7  7  7  7  7  7  7  7  7    7  7  7  7  7  7  7  7  7  7    7  7  7  7  7  7  7  7  7  7   
 15a   7  7  7  7  7  7  7  7  7  7    7  7  7  7  7  7  7  7  7  7    7  7  7  7  7  7  7  7  7  7    7  7  7  7  7  7  7  7  7  7   
 15b   7  7  7  7  7  7  7  7  7  7    7  7  7  7  7  7  7  7  7  7    7  7  7  7  7  7  7  7  7  7    7  7  7  7  7  7  7  7  7  7   
 16a   7  7  7  7  7  7  7  7  7  7    7  7  7  7  7  7  7  7  7  7    7  7  7  7  7  7  7  7  7  7    7  7  7  7  7  7  7  7  7  7   
 16b   7  7  7  7  7  7  7  7  7  7    7  7  7  7  7  7  7  7  7  7    7  7  7  7  7  7  7  7  7  7    7  7  7  7  7  7  7  7  7  7   
 17a   7  7  7  7  7  7  7  7  7  7    7  7  7  7  7  7  7  7  7  7    7  7  7  7  7  7  7  7  7  7    7  7  7  7  7  7  7  7  7  7   
 17b   7  7  7  7  7  7  7  7  7  7    7  7  7  7  7  7  7  7  7  7    7  7  7  7  7  7  7  7  7  7    7  7  7  7  7  7  7  7  7  7   
 18a   7  7  7  7  7  7  7  7  7  7    7  7  7  7  7  7  7  7  7  7    7  7  7  7  7  7  7  7  7  7    7  7  7  7  7  7  7  7  7  7   
 18b   7  7  7  7  7  7  7  7  7  7    7  7  7  7  7  7  7  7  7  7    7  7  7  7  7  7  7  7  7  7    7  7  7  7  7  7  7  7  7  7   
 19a   7  7  7  7  7  7  7  7  7  7    7  7  7  7  7  7  7  7  7  7    7  7  7  7  7  7  7  7  7  7    7  7  7  7  7  7  7  7  7  7   
 19b   7  7  7  7  7  7  7  7  7  7    7  7  7  7  7  7  7  7  7  7    7  7  7  7  7  7  7  7  7  7    7  7  7  7  7  7  7  7  7  7   
 20a   7  7  7  7  7  7  7  7  7  7    7  7  7  7  7  7  7  7  7  7    7  7  7  7  7  7  7  7  7  7    7  7  7  7  7  7  7  7  7  7   
 20b   7  7  7  7  7  7  7  7  7  7    7  7  7  7  7  7  7  7  7  7    7  7  7  7  7  7  7  7  7  7    7  7  7  7  7  7  7  7  7  7   
 21a   7  7  7  7  7  7  7  7  7  7    7  7  7  7  7  7  7  7  7  7    7  7  7  7  7  7  7  7  7  7    7  7  7  7  7  7  7  7  7  7   
 21b   7  7  7  7  7  7  7  7  7  7    7  7  7  7  7  7  7  7  7  7    7  7  7  7  7  7  7  7  7  7    7  7  7  7  7  7  7  7  7  7   
 22a   7  7  7  7  7  7  7  7  7  7    7  7  7  7  7  7  7  7  7  7    7  7  7  7  7  7  7  7  7  7    7  7  7  7  7  7  7  7  7  7   
 22b   7  7  7  7  7  7  7  7  7  7    7  7  7  7  7  7  7  7  7  7    7  7  7  7  7  7  7  7  7  7    7  7  7  7  7  7  7  7  7  7   
 23a   7  7  7  7  7  7  7  7  7  7    7  7  7  7  7  7  7  7  7  7    7  7  7  7  7  7  7  7  7  7    7  7  7  7  7  7  7  7  7  7   
 23b   7  7  7  7  7  7  7  7  7  7    7  7  7  7  7  7  7  7  7  7    7  7  7  7  7  7  7  7  7  7    7  7  7  7  7  7  7  7  7  7   
 24a   7  7  7  7  7  7  7  7  7  7    7  7  7  7  7  7  7  7  7  7    7  7  7  7  7  7  7  7  7  7    7  7  7  7  7  7  7  7  7  7   
 24b   7  7  7  7  7  7  7  7  7  7    7  7  7  7  7  7  7  7  7  7    7  7  7  7  7  7  7  7  7  7    7  7  7  7  7  7  7  7  7  7   
 25a   7  7  7  7  7  7  7  7  7  7    7  7  7  7  7  7  7  7  7  7    7  7  7  7  7  7  7  7  7  7    7  7  7  7  7  7  7  7  7  7   
 25b   7  7  7  7  7  7  7  7  7  7    7  7  7  7  7  7  7  7  7  7    7  7  7  7  7  7  7  7  7  7    7  7  7  7  7  7  7  7  7  7   
 26a   7  7  7  7  7  7  7  7  7  7    7  7  7  7  7  7  7  7  7  7    7  7  7  7  7  7  7  7  7  7    7  7  7  7  7  7  7  7  7  7   
 26b   7  7  7  7  7  7  7  7  7  7    7  7  7  7  7  7  7  7  7  7    7  7  7  7  7  7  7  7  7  7    7  7  7  7  7  7  7  7  7  7   
 27a   7  7  7  7  7  7  7  7  7  7    7  7  7  7  7  7  7  7  7  7    7  7  7  7  7  7  7  7  7  7    7  7  7  7  7  7  7  7  7  7   
 27b   7  7  7  7  7  7  7  7  7  7    7  7  7  7  7  7  7  7  7  7    7  7  7  7  7  7  7  7  7  7    7  7  7  7  7  7  7  7  7  7   
 28a   7  7  7  7  7  7  7  7  7  7    7  7  7  7  7  7  7  7  7  7    7  7  7  7  7  7  7  7  7  7    7  7  7  7  7  7  7  7  7  7   
 28b   7  7  7  7  7  7  7  7  7  7    7  7  7  7  7  7  7  7  7  7    7  7  7  7  7  7  7  7  7  7    7  7  7  7  7  7  7  7  7  7   
 29a   7  7  7  7  7  7  7  7  7  7    7  7  7  7  7  7  7  7  7  7    7  7  7  7  7  7  7  7  7  7    7  7  7  7  7  7  7  7  7  7   
 29b   7  7  7  7  7  7  7  7  7  7    7  7  7  7  7  7  7  7  7  7    7  7  7  7  7  7  7  7  7  7    7  7  7  7  7  7  7  7  7  7   
 30a   7  7  7  7  7  7  7  7  7  7    7  7  7  7  7  7  7  7  7  7    7  7  7  7  7  7  7  7  7  7    7  7  7  7  7  7  7  7  7  7   
 30b   7  7  7  7  7  7  7  7  7  7    7  7  7  7  7  7  7  7  7  7    7  7  7  7  7  7  7  7  7  7    7  7  7  7  7  7  7  7  7  7   
 31a   7  7  7  7  7  7  7  7  7  7    7  7  7  7  7  7  7  7  7  7    7  7  7  7  7  7  7  7  7  7    7  7  7  7  7  7  7  7  7  7   
 31b   7  7  7  7  7  7  7  7  7  7    7  7  7  7  7  7  7  7  7  7    7  7  7  7  7  7  7  7  7  7    7  7  7  7  7  7  7  7  7  7   
 32a   7  7  7  7  7  7  7  7  7  7    7  7  7  7  7  7  7  7  7  7    7  7  7  7  7  7  7  7  7  7    7  7  7  7  7  7  7  7  7  7   
 32b   7  7  7  7  7  7  7  7  7  7    7  7  7  7  7  7  7  7  7  7    7  7  7  7  7  7  7  7  7  7    7  7  7  7  7  7  7  7  7  7   
 33a   7  7  7  7  7  7  7  7  7  7    7  7  7  7  7  7  7  7  7  7    7  7  7  7  7  7  7  7  7  7    7  7  7  7  7  7  7  7  7  7   
 33b   7  7  7  7  7  7  7  7  7  7    7  7  7  7  7  7  7  7  7  7    7  7  7  7  7  7  7  7  7  7    7  7  7  7  7  7  7  7  7  7   
 34a   7  7  7  7  7  7  7  7  7  7    7  7  7  7  7  7  7  7  7  7    7  7  7  7  7  7  7  7  7  7    7  7  7  7  7  7  7  7  7  7   
 34b   7  7  7  7  7  7  7  7  7  7    7  7  7  7  7  7  7  7  7  7    7  7  7  7  7  7  7  7  7  7    7  7  7  7  7  7  7  7  7  7   
 35a   7  7  7  7  7  7  7  7  7  7    7  7  7  7  7  7  7  7  7  7    7  7  7  7  7  7  7  7  7  7    7  7  7  7  7  7  7  7  7  7   
 35b   7  7  7  7  7  7  7  7  7  7    7  7  7  7  7  7  7  7  7  7    7  7  7  7  7  7  7  7  7  7    7  7  7  7  7  7  7  7  7  7   
 36a   7  7  7  7  7  7  7  7  7  7    7  7  7  7  7  7  7  7  7  7    7  7  7  7  7  7  7  7  7  7    7  7  7  7  7  7  7  7  7  7   
 36b   7  7  7  7  7  7  7  7  7  7    7  7  7  7  7  7  7  7  7  7    7  7  7  7  7  7  7  7  7  7    7  7  7  7  7  7  7  7  7  7   
 37a   7  7  7  7  7  7  7  7  7  7    7  7  7  7  7  7  7  7  7  7    7  7  7  7  7  7  7  7  7  7    7  7  7  7  7  7  7  7  7  7   
 37b   7  7  7  7  7  7  7  7  7  7    7  7  7  7  7  7  7  7  7  7    7  7  7  7  7  7  7  7  7  7    7  7  7  7  7  7  7  7  7  7   
 38a   7  7  7  7  7  7  7  7  7  7    7  7  7  7  7  7  7  7  7  7    7  7  7  7  7  7  7  7  7  7    7  7  7  7  7  7  7  7  7  7   
 38b   7  7  7  7  7  7  7  7  7  7    7  7  7  7  7  7  7  7  7  7    7  7  7  7  7  7  7  7  7  7    7  7  7  7  7  7  7  7  7  7   
 39a   7  7  7  7  7  7  7  7  7  7    7  7  7  7  7  7  7  7  7  7    7  7  7  7  7  7  7  7  7  7    7  7  7  7  7  7  7  7  7  7   
 39b   7  7  7  7  7  7  7  7  7  7    7  7  7  7  7  7  7  7  7  7    7  7  7  7  7  7  7  7  7  7    7  7  7  7  7  7  7  7  7  7   
 40a   7  7  7  7  7  7  7  7  7  7    7  7  7  7  7  7  7  7  7  7    7  7  7  7  7  7  7  7  7  7    7  7  7  7  7  7  7  7  7  7   
 40b   7  7  7  7  7  7  7  7  7  7    7  7  7  7  7  7  7  7  7  7    7  7  7  7  7  7  7  7  7  7    7  7  7  7  7  7  7  7  7  7   
 41a   7  7  7  7  7  7  7  7  7  7    7  7  7  7  7  7  7  7  7  7    7  7  7  7  7  7  7  7  7  7    7  7  7  7  7  7  7  7  7  7   
 41b   7  7  7  7  7  7  7  7  7  7    7  7  7  7  7  7  7  7  7  7    7  7  7  7  7  7  7  7  7  7    7  7  7  7  7  7  7  7  7  7   
 42a   7  7  7  7  7  7  7  7  7  7    7  7  7  7  7  7  7  7  7  7    7  7  7  7  7  7  7  7  7  7    7  7  7  7  7  7  7  7  7  7   
 42b   7  7  7  7  7  7  7  7  7  7    7  7  7  7  7  7  7  7  7  7    7  7  7  7  7  7  7  7  7  7    7  7  7  7  7  7  7  7  7  7   
 43a   7  7  7  7  7  7  7  7  7  7    7  7  7  7  7  7  7  7  7  7    7  7  7  7  7  7  7  7  7  7    7  7  7  7  7  7  7  7  7  7   
 43b   7  7  7  7  7  7  7  7  7  7    7  7  7  7  7  7  7  7  7  7    7  7  7  7  7  7  7  7  7  7    7  7  7  7  7  7  7  7  7  7   
 44a   7  7  7  7  7  7  7  7  7  7    7  7  7  7  7  7  7  7  7  7    7  7  7  7  7  7  7  7  7  7    7  7  7  7  7  7  7  7  7  7   
 44b   7  7  7  7  7  7  7  7  7  7    7  7  7  7  7  7  7  7  7  7    7  7  7  7  7  7  7  7  7  7    7  7  7  7  7  7  7  7  7  7   
 45a   7  7  7  7  7  7  7  7  7  7    7  7  7  7  7  7  7  7  7  7    7  7  7  7  7  7  7  7  7  7    7  7  7  7  7  7  7  7  7  7   
 45b   7  7  7  7  7  7  7  7  7  7    7  7  7  7  7  7  7  7  7  7    7  7  7  7  7  7  7  7  7  7    7  7  7  7  7  7  7  7  7  7   
 46a   7  7  7  7  7  7  7  7  7  7    7  7  7  7  7  7  7  7  7  7    7  7  7  7  7  7  7  7  7  7    7  7  7  7  7  7  7  7  7  7   
 46b   7  7  7  7  7  7  7  7  7  7    7  7  7  7  7  7  7  7  7  7    7  7  7  7  7  7  7  7  7  7    7  7  7  7  7  7  7  7  7  7   
 47a   7  7  7  7  7  7  7  7  7  7    7  7  7  7  7  7  7  7  7  7    7  7  7  7  7  7  7  7  7  7    7  7  7  7  7  7  7  7  7  7   
 47b   7  7  7  7  7  7  7  7  7  7    7  7  7  7  7  7  7  7  7  7    7  7  7  7  7  7  7  7  7  7    7  7  7  7  7  7  7  7  7  7   
 48a   7  7  7  7  7  7  7  7  7  7    7  7  7  7  7  7  7  7  7  7    7  7  7  7  7  7  7  7  7  7    7  7  7  7  7  7  7  7  7  7   
 48b   7  7  7  7  7  7  7  7  7  7    7  7  7  7  7  7  7  7  7  7    7  7  7  7  7  7  7  7  7  7    7  7  7  7  7  7  7  7  7  7   
 49a   7  7  7  7  7  7  7  7  7  7    7  7  7  7  7  7  7  7  7  7    7  7  7  7  7  7  7  7  7  7    7  7  7  7  7  7  7  7  7  7   
 49b   7  7  7  7  7  7  7  7  7  7    7  7  7  7  7  7  7  7  7  7    7  7  7  7  7  7  7  7  7  7    7  7  7  7  7  7  7  7  7  7   
 50a   7  7  7  7  7  7  7  7  7  7    7  7  7  7  7  7  7  7  7  7    7  7  7  7  7  7  7  7  7  7    7  7  7  7  7  7  7  7  7  7   
 50b   7  7  7  7  7  7  7  7  7  7    7  7  7  7  7  7  7  7  7  7    7  7  7  7  7  7  7  7  7  7    7  7  7  7  7  7  7  7  7  7   
 51a   7  7  7  7  7  7  7  7  7  7    7  7  7  7  7  7  7  7  7  7    7  7  7  7  7  7  7  7  7  7    7  7  7  7  7  7  7  7  7  7   
 51b   7  7  7  7  7  7  7  7  7  7    7  7  7  7  7  7  7  7  7  7    7  7  7  7  7  7  7  7  7  7    7  7  7  7  7  7  7  7  7  7   
 52a   7  7  7  7  7  7  7  7  7  7    7  7  7  7  7  7  7  7  7  7    7  7  7  7  7  7  7  7  7  7    7  7  7  7  7  7  7  7  7  7   
 52b   7  7  7  7  7  7  7  7  7  7    7  7  7  7  7  7  7  7  7  7    7  7  7  7  7  7  7  7  7  7    7  7  7  7  7  7  7  7  7  7   
 53a   7  7  7  7  7  7  7  7  7  7    7  7  7  7  7  7  7  7  7  7    7  7  7  7  7  7  7  7  7  7    7  7  7  7  7  7  7  7  7  7   
 53b   7  7  7  7  7  7  7  7  7  7    7  7  7  7  7  7  7  7  7  7    7  7  7  7  7  7  7  7  7  7    7  7  7  7  7  7  7  7  7  7   
 54a   7  7  7  7  7  7  7  7  7  7    7  7  7  7  7  7  7  7  7  7    7  7  7  7  7  7  7  7  7  7    7  7  7  7  7  7  7  7  7  7   
 54b   7  7  7  7  7  7  7  7  7  7    7  7  7  7  7  7  7  7  7  7    7  7  7  7  7  7  7  7  7  7    7  7  7  7  7  7  7  7  7  7   
 55a   7  7  7  7  7  7  7  7  7  7    7  7  7  7  7  7  7  7  7  7    7  7  7  7  7  7  7  7  7  7    7  7  7  7  7  7  7  7  7  7   
 55b   7  7  7  7  7  7  7  7  7  7    7  7  7  7  7  7  7  7  7  7    7  7  7  7  7  7  7  7  7  7    7  7  7  7  7  7  7  7  7  7   
 56a   7  7  7  7  7  7  7  7  7  7    7  7  7  7  7  7  7  7  7  7    7  7  7  7  7  7  7  7  7  7    7  7  7  7  7  7  7  7  7  7   
 56b   7  7  7  7  7  7  7  7  7  7    7  7  7  7  7  7  7  7  7  7    7  7  7  7  7  7  7  7  7  7    7  7  7  7  7  7  7  7  7  7   
 57a   7  7  7  7  7  7  7  7  7  7    7  7  7  7  7  7  7  7  7  7    7  7  7  7  7  7  7  7  7  7    7  7  7  7  7  7  7  7  7  7   
 57b   7  7  7  7  7  7  7  7  7  7    7  7  7  7  7  7  7  7  7  7    7  7  7  7  7  7  7  7  7  7    7  7  7  7  7  7  7  7  7  7   
 58a   7  7  7  7  7  7  7  7  7  7    7  7  7  7  7  7  7  7  7  7    7  7  7  7  7  7  7  7  7  7    7  7  7  7  7  7  7  7  7  7   
 58b   7  7  7  7  7  7  7  7  7  7    7  7  7  7  7  7  7  7  7  7    7  7  7  7  7  7  7  7  7  7    7  7  7  7  7  7  7  7  7  7   
 59a   7  7  7  7  7  7  7  7  7  7    7  7  7  7  7  7  7  7  7  7    7  7  7  7  7  7  7  7  7  7    7  7  7  7  7  7  7  7  7  7   
 59b   7  7  7  7  7  7  7  7  7  7    7  7  7  7  7  7  7  7  7  7    7  7  7  7  7  7  7  7  7  7    7  7  7  7  7  7  7  7  7  7   
 60a   7  7  7  7  7  7  7  7  7  7    7  7  7  7  7  7  7  7  7  7    7  7  7  7  7  7  7  7  7  7    7  7  7  7  7  7  7  7  7  7   
 60b   7  7  7  7  7  7  7  7  7  7    7  7  7  7  7  7  7  7  7  7    7  7  7  7  7  7  7  7  7  7    7  7  7  7  7  7  7  7  7  7   
 61a   7  7  7  7  7  7  7  7  7  7    7  7  7  7  7  7  7  7  7  7    7  7  7  7  7  7  7  7  7  7    7  7  7  7  7  7  7  7  7  7   
 61b   7  7  7  7  7  7  7  7  7  7    7  7  7  7  7  7  7  7  7  7    7  7  7  7  7  7  7  7  7  7    7  7  7  7  7  7  7  7  7  7   
 62a   7  7  7  7  7  7  7  7  7  7    7  7  7  7  7  7  7  7  7  7    7  7  7  7  7  7  7  7  7  7    7  7  7  7  7  7  7  7  7  7   
 62b   7  7  7  7  7  7  7  7  7  7    7  7  7  7  7  7  7  7  7  7    7  7  7  7  7  7  7  7  7  7    7  7  7  7  7  7  7  7  7  7   
 63a   7  7  7  7  7  7  7  7  7  7    7  7  7  7  7  7  7  7  7  7    7  7  7  7  7  7  7  7  7  7    7  7  7  7  7  7  7  7  7  7   
 63b   7  7  7  7  7  7  7  7  7  7    7  7  7  7  7  7  7  7  7  7    7  7  7  7  7  7  7  7  7  7    7  7  7  7  7  7  7  7  7  7   
 64a   7  7  7  7  7  7  7  7  7  7    7  7  7  7  7  7  7  7  7  7    7  7  7  7  7  7  7  7  7  7    7  7  7  7  7  7  7  7  7  7   
 64b   7  7  7  7  7  7  7  7  7  7    7  7  7  7  7  7  7  7  7  7    7  7  7  7  7  7  7  7  7  7    7  7  7  7  7  7  7  7  7  7   
 65a   7  7  7  7  7  7  7  7  7  7    7  7  7  7  7  7  7  7  7  7    7  7  7  7  7  7  7  7  7  7    7  7  7  7  7  7  7  7  7  7   
 65b   7  7  7  7  7  7  7  7  7  7    7  7  7  7  7  7  7  7  7  7    7  7  7  7  7  7  7  7  7  7    7  7  7  7  7  7  7  7  7  7   
 66a   7  7  7  7  7  7  7  7  7  7    7  7  7  7  7  7  7  7  7  7    7  7  7  7  7  7  7  7  7  7    7  7  7  7  7  7  7  7  7  7   
 66b   7  7  7  7  7  7  7  7  7  7    7  7  7  7  7  7  7  7  7  7    7  7  7  7  7  7  7  7  7  7    7  7  7  7  7  7  7  7  7  7   
 67a   7  7  7  7  7  7  7  7  7  7    7  7  7  7  7  7  7  7  7  7    7  7  7  7  7  7  7  7  7  7    7  7  7  7  7  7  7  7  7  7   
 67b   7  7  7  7  7  7  7  7  7  7    7  7  7  7  7  7  7  7  7  7    7  7  7  7  7  7  7  7  7  7    7  7  7  7  7  7  7  7  7  7   
 68a   7  7  7  7  7  7  7  7  7  7    7  7  7  7  7  7  7  7  7  7    7  7  7  7  7  7  7  7  7  7    7  7  7  7  7  7  7  7  7  7   
 68b   7  7  7  7  7  7  7  7  7  7    7  7  7  7  7  7  7  7  7  7    7  7  7  7  7  7  7  7  7  7    7  7  7  7  7  7  7  7  7  7   
 69a   7  7  7  7  7  7  7  7  7  7    7  7  7  7  7  7  7  7  7  7    7  7  7  7  7  7  7  7  7  7    7  7  7  7  7  7  7  7  7  7   
 69b   7  7  7  7  7  7  7  7  7  7    7  7  7  7  7  7  7  7  7  7    7  7  7  7  7  7  7  7  7  7    7  7  7  7  7  7  7  7  7  7   
 70a   7  7  7  7  7  7  7  7  7  7    7  7  7  7  7  7  7  7  7  7    7  7  7  7  7  7  7  7  7  7    7  7  7  7  7  7  7  7  7  7   
 70b   7  7  7  7  7  7  7  7  7  7    7  7  7  7  7  7  7  7  7  7    7  7  7  7  7  7  7  7  7  7    7  7  7  7  7  7  7  7  7  7   
 71a   7  7  7  7  7  7  7  7  7  7    7  7  7  7  7  7  7  7  7  7    7  7  7  7  7  7  7  7  7  7    7  7  7  7  7  7  7  7  7  7   
 71b   7  7  7  7  7  7  7  7  7  7    7  7  7  7  7  7  7  7  7  7    7  7  7  7  7  7  7  7  7  7    7  7  7  7  7  7  7  7  7  7   
 72a   7  7  7  7  7  7  7  7  7  7    7  7  7  7  7  7  7  7  7  7    7  7  7  7  7  7  7  7  7  7    7  7  7  7  7  7  7  7  7  7   
 72b   7  7  7  7  7  7  7  7  7  7    7  7  7  7  7  7  7  7  7  7    7  7  7  7  7  7  7  7  7  7    7  7  7  7  7  7  7  7  7  7   
 73a   7  7  7  7  7  7  7  7  7  7    7  7  7  7  7  7  7  7  7  7    7  7  7  7  7  7  7  7  7  7    7  7  7  7  7  7  7  7  7  7   
 73b   7  7  7  7  7  7  7  7  7  7    7  7  7  7  7  7  7  7  7  7    7  7  7  7  7  7  7  7  7  7    7  7  7  7  7  7  7  7  7  7   
 74a   7  7  7  7  7  7  7  7  7  7    7  7  7  7  7  7  7  7  7  7    7  7  7  7  7  7  7  7  7  7    7  7  7  7  7  7  7  7  7  7   
 74b   7  7  7  7  7  7  7  7  7  7    7  7  7  7  7  7  7  7  7  7    7  7  7  7  7  7  7  7  7  7    7  7  7  7  7  7  7  7  7  7   
 75a   7  7  7  7  7  7  7  7  7  7    7  7  7  7  7  7  7  7  7  7    7  7  7  7  7  7  7  7  7  7    7  7  7  7  7  7  7  7  7  7   
 75b   7  7  7  7  7  7  7  7  7  7    7  7  7  7  7  7  7  7  7  7    7  7  7  7  7  7  7  7  7  7    7  7  7  7  7  7  7  7  7  7   
 76a   7  7  7  7  7  7  7  7  7  7    7  7  7  7  7  7  7  7  7  7    7  7  7  7  7  7  7  7  7  7    7  7  7  7  7  7  7  7  7  7   
 76b   7  7  7  7  7  7  7  7  7  7    7  7  7  7  7  7  7  7  7  7    7  7  7  7  7  7  7  7  7  7    7  7  7  7  7  7  7  7  7  7   
 77a   7  7  7  7  7  7  7  7  7  7    7  7  7  7  7  7  7  7  7  7    7  7  7  7  7  7  7  7  7  7    7  7  7  7  7  7  7  7  7  7   
 77b   7  7  7  7  7  7  7  7  7  7    7  7  7  7  7  7  7  7  7  7    7  7  7  7  7  7  7  7  7  7    7  7  7  7  7  7  7  7  7  7   
 78a   7  7  7  7  7  7  7  7  7  7    7  7  7  7  7  7  7  7  7  7    7  7  7  7  7  7  7  7  7  7    7  7  7  7  7  7  7  7  7  7   
 78b   7  7  7  7  7  7  7  7  7  7    7  7  7  7  7  7  7  7  7  7    7  7  7  7  7  7  7  7  7  7    7  7  7  7  7  7  7  7  7  7   
 79a   7  7  7  7  7  7  7  7  7  7    7  7  7  7  7  7  7  7  7  7    7  7  7  7  7  7  7  7  7  7    7  7  7  7  7  7  7  7  7  7   
 79b   7  7  7  7  7  7  7  7  7  7    7  7  7  7  7  7  7  7  7  7    7  7  7  7  7  7  7  7  7  7    7  7  7  7  7  7  7  7  7  7   
 80a   7  7  7  7  7  7  7  7  7  7    7  7  7  7  7  7  7  7  7  7    7  7  7  7  7  7  7  7  7  7    7  7  7  7  7  7  7  7  7  7   
 80b   7  7  7  7  7  7  7  7  7  7    7  7  7  7  7  7  7  7  7  7    7  7  7  7  7  7  7  7  7  7    7  7  7  7  7  7  7  7  7  7   
 81a   7  7  7  7  7  7  7  7  7  7    7  7  7  7  7  7  7  7  7  7    7  7  7  7  7  7  7  7  7  7    7  7  7  7  7  7  7  7  7  7   
 81b   7  7  7  7  7  7  7  7  7  7    7  7  7  7  7  7  7  7  7  7    7  7  7  7  7  7  7  7  7  7    7  7  7  7  7  7  7  7  7  7   
 82a   7  7  7  7  7  7  7  7  7  7    7  7  7  7  7  7  7  7  7  7    7  7  7  7  7  7  7  7  7  7    7  7  7  7  7  7  7  7  7  7   
 82b   7  7  7  7  7  7  7  7  7  7    7  7  7  7  7  7  7  7  7  7    7  7  7  7  7  7  7  7  7  7    7  7  7  7  7  7  7  7  7  7   
 83a   7  7  7  7  7  7  7  7  7  7    7  7  7  7  7  7  7  7  7  7    7  7  7  7  7  7  7  7  7  7    7  7  7  7  7  7  7  7  7  7   
 83b   7  7  7  7  7  7  7  7  7  7    7  7  7  7  7  7  7  7  7  7    7  7  7  7  7  7  7  7  7  7    7  7  7  7  7  7  7  7  7  7   
 84a   7  7  7  7  7  7  7  7  7  7    7  7  7  7  7  7  7  7  7  7    7  7  7  7  7  7  7  7  7  7    7  7  7  7  7  7  7  7  7  7   
 84b   7  7  7  7  7  7  7  7  7  7    7  7  7  7  7  7  7  7  7  7    7  7  7  7  7  7  7  7  7  7    7  7  7  7  7  7  7  7  7  7   
 85a   7  7  7  7  7  7  7  7  7  7    7  7  7  7  7  7  7  7  7  7    7  7  7  7  7  7  7  7  7  7    7  7  7  7  7  7  7  7  7  7   
 85b   7  7  7  7  7  7  7  7  7  7    7  7  7  7  7  7  7  7  7  7    7  7  7  7  7  7  7  7  7  7    7  7  7  7  7  7  7  7  7  7   
 86a   7  7  7  7  7  7  7  7  7  7    7  7  7  7  7  7  7  7  7  7    7  7  7  7  7  7  7  7  7  7    7  7  7  7  7  7  7  7  7  7   
 86b   7  7  7  7  7  7  7  7  7  7    7  7  7  7  7  7  7  7  7  7    7  7  7  7  7  7  7  7  7  7    7  7  7  7  7  7  7  7  7  7   
 87a   7  7  7  7  7  7  7  7  7  7    7  7  7  7  7  7  7  7  7  7    7  7  7  7  7  7  7  7  7  7    7  7  7  7  7  7  7  7  7  7   
 87b   7  7  7  7  7  7  7  7  7  7    7  7  7  7  7  7  7  7  7  7    7  7  7  7  7  7  7  7  7  7    7  7  7  7  7  7  7  7  7  7   
 88a   7  7  7  7  7  7  7  7  7  7    7  7  7  7  7  7  7  7  7  7    7  7  7  7  7  7  7  7  7  7    7  7  7  7  7  7  7  7  7  7   
 88b   7  7  7  7  7  7  7  7  7  7    7  7  7  7  7  7  7  7  7  7    7  7  7  7  7  7  7  7  7  7    7  7  7  7  7  7  7  7  7  7   
 89a   7  7  7  7  7  7  7  7  7  7    7  7  7  7  7  7  7  7  7  7    7  7  7  7  7  7  7  7  7  7    7  7  7  7  7  7  7  7  7  7   
 89b   7  7  7  7  7  7  7  7  7  7    7  7  7  7  7  7  7  7  7  7    7  7  7  7  7  7  7  7  7  7    7  7  7  7  7  7  7  7  7  7   
 90a   7  7  7  7  7  7  7  7  7  7    7  7  7  7  7  7  7  7  7  7    7  7  7  7  7  7  7  7  7  7    7  7  7  7  7  7  7  7  7  7   
 90b   7  7  7  7  7  7  7  7  7  7    7  7  7  7  7  7  7  7  7  7    7  7  7  7  7  7  7  7  7  7    7  7  7  7  7  7  7  7  7  7   
 91a   7  7  7  7  7  7  7  7  7  7    7  7  7  7  7  7  7  7  7  7    7  7  7  7  7  7  7  7  7  7    7  7  7  7  7  7  7  7  7  7   
 91b   7  7  7  7  7  7  7  7  7  7    7  7  7  7  7  7  7  7  7  7    7  7  7  7  7  7  7  7  7  7    7  7  7  7  7  7  7  7  7  7   
 92a   7  7  7  7  7  7  7  7  7  7    7  7  7  7  7  7  7  7  7  7    7  7  7  7  7  7  7  7  7  7    7  7  7  7  7  7  7  7  7  7   
 92b   7  7  7  7  7  7  7  7  7  7    7  7  7  7  7  7  7  7  7  7    7  7  7  7  7  7  7  7  7  7    7  7  7  7  7  7  7  7  7  7   
 93a   7  7  7  7  7  7  7  7  7  7    7  7  7  7  7  7  7  7  7  7    7  7  7  7  7  7  7  7  7  7    7  7  7  7  7  7  7  7  7  7   
 93b   7  7  7  7  7  7  7  7  7  7    7  7  7  7  7  7  7  7  7  7    7  7  7  7  7  7  7  7  7  7    7  7  7  7  7  7  7  7  7  7   
 94a   7  7  7  7  7  7  7  7  7  7    7  7  7  7  7  7  7  7  7  7    7  7  7  7  7  7  7  7  7  7    7  7  7  7  7  7  7  7  7  7   
 94b   7  7  7  7  7  7  7  7  7  7    7  7  7  7  7  7  7  7  7  7    7  7  7  7  7  7  7  7  7  7    7  7  7  7  7  7  7  7  7  7   
 95a   7  7  7  7  7  7  7  7  7  7    7  7  7  7  7  7  7  7  7  7    7  7  7  7  7  7  7  7  7  7    7  7  7  7  7  7  7  7  7  7   
 95b   7  7  7  7  7  7  7  7  7  7    7  7  7  7  7  7  7  7  7  7    7  7  7  7  7  7  7  7  7  7    7  7  7  7  7  7  7  7  7  7   
 96a   7  7  7  7  7  7  7  7  7  7    7  7  7  7  7  7  7  7  7  7    7  7  7  7  7  7  7  7  7  7    7  7  7  7  7  7  7  7  7  7   
 96b   7  7  7  7  7  7  7  7  7  7    7  7  7  7  7  7  7  7  7  7    7  7  7  7  7  7  7  7  7  7    7  7  7  7  7  7  7  7  7  7   
 97a   7  7  7  7  7  7  7  7  7  7    7  7  7  7  7  7  7  7  7  7    7  7  7  7  7  7  7  7  7  7    7  7  7  7  7  7  7  7  7  7   
 97b   7  7  7  7  7  7  7  7  7  7    7  7  7  7  7  7  7  7  7  7    7  7  7  7  7  7  7  7  7  7    7  7  7  7  7  7  7  7  7  7   
 98a   7  7  7  7  7  7  7  7  7  7    7  7  7  7  7  7  7  7  7  7    7  7  7  7  7  7  7  7  7  7    7  7  7  7  7  7  7  7  7  7   
 98b   7  7  7  7  7  7  7  7  7  7    7  7  7  7  7  7  7  7  7  7    7  7  7  7  7  7  7  7  7  7    7  7  7  7  7  7  7  7  7  7   
 99a   7  7  7  7  7  7  7  7  7  7    7  7  7  7  7  7  7  7  7  7    7  7  7  7  7  7  7  7  7  7    7  7  7  7  7  7  7  7  7  7   
 99b   7  7  7  7  7  7  7  7  7  7    7  7  7  7  7  7  7  7  7  7    7  7  7  7  7  7  7  7  7  7    7  7  7  7  7  7  7  7  7  7   
100a   7  7  7  7  7  7  7  7  7  7    7  7  7  7  7  7  7  7  7  7    7  7  7  7  7  7  7  7  7  7    7  7  7  7  7  7  7  7  7  7   
100b   7  7  7  7  7  7  7  7  7  7    7  7  7  7  7  7  7  7  7  7    7  7  7  7  7  7  7  7  7  7    7  7  7  7  7  7  7  7  7  7   
101a   7  7  7  7  7  7  7  7  7  7    7  7  7  7  7  7  7  7  7  7    7  7  7  7  7  7  7  7  7  7    7  7  7  7  7  7  7  7  7  7   
101b   7  7  7  7  7  7  7  7  7  7    7  7  7  7  7  7  7  7  7  7    7  7  7  7  7  7  7  7  7  7    7  7  7  7  7  7  7  7  7  7   
102a   7  7  7  7  7  7  7  7  7  7    7  7  7  7  7  7  7  7  7  7    7  7  7  7  7  7  7  7  7  7    7  7  7  7  7  7  7  7  7  7   
102b   7  7  7  7  7  7  7  7  7  7    7  7  7  7  7  7  7  7  7  7    7  7  7  7  7  7  7  7  7  7    7  7  7  7  7  7  7  7  7  7   
103a   7  7  7  7  7  7  7  7  7  7    7  7  7  7  7  7  7  7  7  7    7  7  7  7  7  7  7  7  7  7    7  7  7  7  7  7  7  7  7  7   
103b   7  7  7  7  7  7  7  7  7  7    7  7  7  7  7  7  7  7  7  7    7  7  7  7  7  7  7  7  7  7    7  7  7  7  7  7  7  7  7  7   
104a   7  7  7  7  7  7  7  7  7  7    7  7  7  7  7  7  7  7  7  7    7  7  7  7  7  7  7  7  7  7    7  7  7  7  7  7  7  7  7  7   
104b   7  7  7  7  7  7  7  7  7  7    7  7  7  7  7  7  7  7  7  7    7  7  7  7  7  7  7  7  7  7    7  7  7  7  7  7  7  7  7  7   
105a   7  7  7  7  7  7  7  7  7  7    7  7  7  7  7  7  7  7  7  7    7  7  7  7  7  7  7  7  7  7    7  7  7  7  7  7  7  7  7  7   
105b   7  7  7  7  7  7  7  7  7  7    7  7  7  7  7  7  7  7  7  7    7  7  7  7  7  7  7  7  7  7    7  7  7  7  7  7  7  7  7  7   
106a   7  7  7  7  7  7  7  7  7  7    7  7  7  7  7  7  7  7  7  7    7  7  7  7  7  7  7  7  7  7    7  7  7  7  7  7  7  7  7  7   
106b   7  7  7  7  7  7  7  7  7  7    7  7  7  7  7  7  7  7  7  7    7  7  7  7  7  7  7  7  7  7    7  7  7  7  7  7  7  7  7  7   
107a   7  7  7  7  7  7  7  7  7  7    7  7  7  7  7  7  7  7  7  7    7  7  7  7  7  7  7  7  7  7    7  7  7  7  7  7  7  7  7  7   
107b   7  7  7  7  7  7  7  7  7  7    7  7  7  7  7  7  7  7  7  7    7  7  7  7  7  7  7  7  7  7    7  7  7  7  7  7  7  7  7  7   
108a   7  7  7  7  7  7  7  7  7  7    7  7  7  7  7  7  7  7  7  7    7  7  7  7  7  7  7  7  7  7    7  7  7  7  7  7  7  7  7  7   
108b   7  7  7  7  7  7  7  7  7  7    7  7  7  7  7  7  7  7  7  7    7  7  7  7  7  7  7  7  7  7    7  7  7  7  7  7  7  7  7  7   
109a   7  7  7  7  7  7  7  7  7  7    7  7  7  7  7  7  7  7  7  7    7  7  7  7  7  7  7  7  7  7    7  7  7  7  7  7  7  7  7  7   
109b   7  7  7  7  7  7  7  7  7  7    7  7  7  7  7  7  7  7  7  7    7  7  7  7  7  7  7  7  7  7    7  7  7  7  7  7  7  7  7  7   
110a   7  7  7  7  7  7  7  7  7  7    7  7  7  7  7  7  7  7  7  7    7  7  7  7  7  7  7  7  7  7    7  7  7  7  7  7  7  7  7  7   
110b   7  7  7  7  7  7  7  7  7  7    7  7  7  7  7  7  7  7  7  7    7  7  7  7  7  7  7  7  7  7    7  7  7  7  7  7  7  7  7  7   
111a   7  7  7  7  7  7  7  7  7  7    7  7  7  7  7  7  7  7  7  7    7  7  7  7  7  7  7  7  7  7    7  7  7  7  7  7  7  7  7  7   
111b   7  7  7  7  7  7  7  7  7  7    7  7  7  7  7  7  7  7  7  7    7  7  7  7  7  7  7  7  7  7    7  7  7  7  7  7  7  7  7  7   
112a   7  7  7  7  7  7  7  7  7  7    7  7  7  7  7  7  7  7  7  7    7  7  7  7  7  7  7  7  7  7    7  7  7  7  7  7  7  7  7  7   
112b   7  7  7  7  7  7  7  7  7  7    7  7  7  7  7  7  7  7  7  7    7  7  7  7  7  7  7  7  7  7    7  7  7  7  7  7  7  7  7  7   
113a   7  7  7  7  7  7  7  7  7  7    7  7  7  7  7  7  7  7  7  7    7  7  7  7  7  7  7  7  7  7    7  7  7  7  7  7  7  7  7  7   
113b   7  7  7  7  7  7  7  7  7  7    7  7  7  7  7  7  7  7  7  7    7  7  7  7  7  7  7  7  7  7    7  7  7  7  7  7  7  7  7  7   
114a   7  7  7  7  7  7  7  7  7  7    7  7  7  7  7  7  7  7  7  7    7  7  7  7  7  7  7  7  7  7    7  7  7  7  7  7  7  7  7  7   
114b   7  7  7  7  7  7  7  7  7  7    7  7  7  7  7  7  7  7  7  7    7  7  7  7  7  7  7  7  7  7    7  7  7  7  7  7  7  7  7  7   
115a   7  7  7  7  7  7  7  7  7  7    7  7  7  7  7  7  7  7  7  7    7  7  7  7  7  7  7  7  7  7    7  7  7  7  7  7  7  7  7  7   
115b   7  7  7  7  7  7  7  7  7  7    7  7  7  7  7  7  7  7  7  7    7  7  7  7  7  7  7  7  7  7    7  7  7  7  7  7  7  7  7  7   
116a   7  7  7  7  7  7  7  7  7  7    7  7  7  7  7  7  7  7  7  7    7  7  7  7  7  7  7  7  7  7    7  7  7  7  7  7  7  7  7  7   
116b   7  7  7  7  7  7  7  7  7  7    7  7  7  7  7  7  7  7  7  7    7  7  7  7  7  7  7  7  7  7    7  7  7  7  7  7  7  7  7  7   
117a   7  7  7  7  7  7  7  7  7  7    7  7  7  7  7  7  7  7  7  7    7  7  7  7  7  7  7  7  7  7    7  7  7  7  7  7  7  7  7  7   
117b   7  7  7  7  7  7  7  7  7  7    7  7  7  7  7  7  7  7  7  7    7  7  7  7  7  7  7  7  7  7    7  7  7  7  7  7  7  7  7  7   
118a   7  7  7  7  7  7  7  7  7  7    7  7  7  7  7  7  7  7  7  7    7  7  7  7  7  7  7  7  7  7    7  7  7  7  7  7  7  7  7  7   
118b   7  7  7  7  7  7  7  7  7  7    7  7  7  7  7  7  7  7  7  7    7  7  7  7  7  7  7  7  7  7    7  7  7  7  7  7  7  7  7  7   
119a   7  7  7  7  7  7  7  7  7  7    7  7  7  7  7  7  7  7  7  7    7  7  7  7  7  7  7  7  7  7    7  7  7  7  7  7  7  7  7  7   
119b   7  7  7  7  7  7  7  7  7  7    7  7  7  7  7  7  7  7  7  7    7  7  7  7  7  7  7  7  7  7    7  7  7  7  7  7  7  7  7  7   
120a   7  7  7  7  7  7  7  7  7  7    7  7  7  7  7  7  7  7  7  7    7  7  7  7  7  7  7  7  7  7    7  7  7  7  7  7  7  7  7  7   
120b   7  7  7  7  7  7  7  7  7  7    7  7  7  7  7  7  7  7  7  7    7  7  7  7  7  7  7  7  7  7    7  7  7  7  7  7  7  7  7  7   
121a   7  7  7  7  7  7  7  7  7  7    7  7  7  7  7  7  7  7  7  7    7  7  7  7  7  7  7  7  7  7    7  7  7  7  7  7  7  7  7  7   
121b   7  7  7  7  7  7  7  7  7  7    7  7  7  7  7  7  7  7  7  7    7  7  7  7  7  7  7  7  7  7    7  7  7  7  7  7  7  7  7  7   
122a   7  7  7  7  7  7  7  7  7  7    7  7  7  7  7  7  7  7  7  7    7  7  7  7  7  7  7  7  7  7    7  7  7  7  7  7  7  7  7  7   
122b   7  7  7  7  7  7  7  7  7  7    7  7  7  7  7  7  7  7  7  7    7  7  7  7  7  7  7  7  7  7    7  7  7  7  7  7  7  7  7  7   
123a   7  7  7  7  7  7  7  7  7  7    7  7  7  7  7  7  7  7  7  7    7  7  7  7  7  7  7  7  7  7    7  7  7  7  7  7  7  7  7  7   
123b   7  7  7  7  7  7  7  7  7  7    7  7  7  7  7  7  7  7  7  7    7  7  7  7  7  7  7  7  7  7    7  7  7  7  7  7  7  7  7  7   
124a   7  7  7  7  7  7  7  7  7  7    7  7  7  7  7  7  7  7  7  7    7  7  7  7  7  7  7  7  7  7    7  7  7  7  7  7  7  7  7  7   
124b   7  7  7  7  7  7  7  7  7  7    7  7  7  7  7  7  7  7  7  7    7  7  7  7  7  7  7  7  7  7    7  7  7  7  7  7  7  7  7  7   
125a   7  7  7  7  7  7  7  7  7  7    7  7  7  7  7  7  7  7  7  7    7  7  7  7  7  7  7  7  7  7    7  7  7  7  7  7  7  7  7  7   
125b   7  7  7  7  7  7  7  7  7  7    7  7  7  7  7  7  7  7  7  7    7  7  7  7  7  7  7  7  7  7    7  7  7  7  7  7  7  7  7  7   
126a   7  7  7  7  7  7  7  7  7  7    7  7  7  7  7  7  7  7  7  7    7  7  7  7  7  7  7  7  7  7    7  7  7  7  7  7  7  7  7  7   
126b   7  7  7  7  7  7  7  7  7  7    7  7  7  7  7  7  7  7  7  7    7  7  7  7  7  7  7  7  7  7    7  7  7  7  7  7  7  7  7  7   
127a   7  7  7  7  7  7  7  7  7  7    7  7  7  7  7  7  7  7  7  7    7  7  7  7  7  7  7  7  7  7    7  7  7  7  7  7  7  7  7  7   
127b   7  7  7  7  7  7  7  7  7  7    7  7  7  7  7  7  7  7  7  7    7  7  7  7  7  7  7  7  7  7    7  7  7  7  7  7  7  7  7  7   
128a   7  7  7  7  7  7  7  7  7  7    7  7  7  7  7  7  7  7  7  7    7  7  7  7  7  7  7  7  7  7    7  7  7  7  7  7  7  7  7  7   
128b   7  7  7  7  7  7  7  7  7  7    7  7  7  7  7  7  7  7  7  7    7  7  7  7  7  7  7  7  7  7    7  7  7  7  7  7  7  7  7  7   
129a   7  7  7  7  7  7  7  7  7  7    7  7  7  7  7  7  7  7  7  7    7  7  7  7  7  7  7  7  7  7    7  7  7  7  7  7  7  7  7  7   
129b   7  7  7  7  7  7  7  7  7  7    7  7  7  7  7  7  7  7  7  7    7  7  7  7  7  7  7  7  7  7    7  7  7  7  7  7  7  7  7  7   
130a   7  7  7  7  7  7  7  7  7  7    7  7  7  7  7  7  7  7  7  7    7  7  7  7  7  7  7  7  7  7    7  7  7  7  7  7  7  7  7  7   
130b   7  7  7  7  7  7  7  7  7  7    7  7  7  7  7  7  7  7  7  7    7  7  7  7  7  7  7  7  7  7    7  7  7  7  7  7  7  7  7  7   
131a   7  7  7  7  7  7  7  7  7  7    7  7  7  7  7  7  7  7  7  7    7  7  7  7  7  7  7  7  7  7    7  7  7  7  7  7  7  7  7  7   
131b   7  7  7  7  7  7  7  7  7  7    7  7  7  7  7  7  7  7  7  7    7  7  7  7  7  7  7  7  7  7    7  7  7  7  7  7  7  7  7  7   
132a   7  7  7  7  7  7  7  7  7  7    7  7  7  7  7  7  7  7  7  7    7  7  7  7  7  7  7  7  7  7    7  7  7  7  7  7  7  7  7  7   
132b   7  7  7  7  7  7  7  7  7  7    7  7  7  7  7  7  7  7  7  7    7  7  7  7  7  7  7  7  7  7    7  7  7  7  7  7  7  7  7  7   
133a   7  7  7  7  7  7  7  7  7  7    7  7  7  7  7  7  7  7  7  7    7  7  7  7  7  7  7  7  7  7    7  7  7  7  7  7  7  7  7  7   
133b   7  7  7  7  7  7  7  7  7  7    7  7  7  7  7  7  7  7  7  7    7  7  7  7  7  7  7  7  7  7    7  7  7  7  7  7  7  7  7  7   
134a   7  7  7  7  7  7  7  7  7  7    7  7  7  7  7  7  7  7  7  7    7  7  7  7  7  7  7  7  7  7    7  7  7  7  7  7  7  7  7  7   
134b   7  7  7  7  7  7  7  7  7  7    7  7  7  7  7  7  7  7  7  7    7  7  7  7  7  7  7  7  7  7    7  7  7  7  7  7  7  7  7  7   
135a   7  7  7  7  7  7  7  7  7  7    7  7  7  7  7  7  7  7  7  7    7  7  7  7  7  7  7  7  7  7    7  7  7  7  7  7  7  7  7  7   
135b   7  7  7  7  7  7  7  7  7  7    7  7  7  7  7  7  7  7  7  7    7  7  7  7  7  7  7  7  7  7    7  7  7  7  7  7  7  7  7  7   
136a   7  7  7  7  7  7  7  7  7  7    7  7  7  7  7  7  7  7  7  7    7  7  7  7  7  7  7  7  7  7    7  7  7  7  7  7  7  7  7  7   
136b   7  7  7  7  7  7  7  7  7  7    7  7  7  7  7  7  7  7  7  7    7  7  7  7  7  7  7  7  7  7    7  7  7  7  7  7  7  7  7  7   
137a   7  7  7  7  7  7  7  7  7  7    7  7  7  7  7  7  7  7  7  7    7  7  7  7  7  7  7  7  7  7    7  7  7  7  7  7  7  7  7  7   
137b   7  7  7  7  7  7  7  7  7  7    7  7  7  7  7  7  7  7  7  7    7  7  7  7  7  7  7  7  7  7    7  7  7  7  7  7  7  7  7  7   
138a   7  7  7  7  7  7  7  7  7  7    7  7  7  7  7  7  7  7  7  7    7  7  7  7  7  7  7  7  7  7    7  7  7  7  7  7  7  7  7  7   
138b   7  7  7  7  7  7  7  7  7  7    7  7  7  7  7  7  7  7  7  7    7  7  7  7  7  7  7  7  7  7    7  7  7  7  7  7  7  7  7  7   
139a   7  7  7  7  7  7  7  7  7  7    7  7  7  7  7  7  7  7  7  7    7  7  7  7  7  7  7  7  7  7    7  7  7  7  7  7  7  7  7  7   
139b   7  7  7  7  7  7  7  7  7  7    7  7  7  7  7  7  7  7  7  7    7  7  7  7  7  7  7  7  7  7    7  7  7  7  7  7  7  7  7  7   
140a   7  7  7  7  7  7  7  7  7  7    7  7  7  7  7  7  7  7  7  7    7  7  7  7  7  7  7  7  7  7    7  7  7  7  7  7  7  7  7  7   
140b   7  7  7  7  7  7  7  7  7  7    7  7  7  7  7  7  7  7  7  7    7  7  7  7  7  7  7  7  7  7    7  7  7  7  7  7  7  7  7  7   
141a   7  7  7  7  7  7  7  7  7  7    7  7  7  7  7  7  7  7  7  7    7  7  7  7  7  7  7  7  7  7    7  7  7  7  7  7  7  7  7  7   
141b   7  7  7  7  7  7  7  7  7  7    7  7  7  7  7  7  7  7  7  7    7  7  7  7  7  7  7  7  7  7    7  7  7  7  7  7  7  7  7  7   
142a   7  7  7  7  7  7  7  7  7  7    7  7  7  7  7  7  7  7  7  7    7  7  7  7  7  7  7  7  7  7    7  7  7  7  7  7  7  7  7  7   
142b   7  7  7  7  7  7  7  7  7  7    7  7  7  7  7  7  7  7  7  7    7  7  7  7  7  7  7  7  7  7    7  7  7  7  7  7  7  7  7  7   
143a   7  7  7  7  7  7  7  7  7  7    7  7  7  7  7  7  7  7  7  7    7  7  7  7  7  7  7  7  7  7    7  7  7  7  7  7  7  7  7  7   
143b   7  7  7  7  7  7  7  7  7  7    7  7  7  7  7  7  7  7  7  7    7  7  7  7  7  7  7  7  7  7    7  7  7  7  7  7  7  7  7  7   
144a   7  7  7  7  7  7  7  7  7  7    7  7  7  7  7  7  7  7  7  7    7  7  7  7  7  7  7  7  7  7    7  7  7  7  7  7  7  7  7  7   
144b   7  7  7  7  7  7  7  7  7  7    7  7  7  7  7  7  7  7  7  7    7  7  7  7  7  7  7  7  7  7    7  7  7  7  7  7  7  7  7  7   
145a   7  7  7  7  7  7  7  7  7  7    7  7  7  7  7  7  7  7  7  7    7  7  7  7  7  7  7  7  7  7    7  7  7  7  7  7  7  7  7  7   
145b   7  7  7  7  7  7  7  7  7  7    7  7  7  7  7  7  7  7  7  7    7  7  7  7  7  7  7  7  7  7    7  7  7  7  7  7  7  7  7  7   
146a   7  7  7  7  7  7  7  7  7  7    7  7  7  7  7  7  7  7  7  7    7  7  7  7  7  7  7  7  7  7    7  7  7  7  7  7  7  7  7  7   
146b   7  7  7  7  7  7  7  7  7  7    7  7  7  7  7  7  7  7  7  7    7  7  7  7  7  7  7  7  7  7    7  7  7  7  7  7  7  7  7  7   
147a   7  7  7  7  7  7  7  7  7  7    7  7  7  7  7  7  7  7  7  7    7  7  7  7  7  7  7  7  7  7    7  7  7  7  7  7  7  7  7  7   
147b   7  7  7  7  7  7  7  7  7  7    7  7  7  7  7  7  7  7  7  7    7  7  7  7  7  7  7  7  7  7    7  7  7  7  7  7  7  7  7  7   
148a   7  7  7  7  7  7  7  7  7  7    7  7  7  7  7  7  7  7  7  7    7  7  7  7  7  7  7  7  7  7    7  7  7  7  7  7  7  7  7  7   
148b   7  7  7  7  7  7  7  7  7  7    7  7  7  7  7  7  7  7  7  7    7  7  7  7  7  7  7  7  7  7    7  7  7  7  7  7  7  7  7  7   
149a   7  7  7  7  7  7  7  7  7  7    7  7  7  7  7  7  7  7  7  7    7  7  7  7  7  7  7  7  7  7    7  7  7  7  7  7  7  7  7  7   
149b   7  7  7  7  7  7  7  7  7  7    7  7  7  7  7  7  7  7  7  7    7  7  7  7  7  7  7  7  7  7    7  7  7  7  7  7  7  7  7  7   
150a   7  7  7  7  7  7  7  7  7  7    7  7  7  7  7  7  7  7  7  7    7  7  7  7  7  7  7  7  7  7    7  7  7  7  7  7  7  7  7  7   
150b   7  7  7  7  7  7  7  7  7  7    7  7  7  7  7  7  7  7  7  7    7  7  7  7  7  7  7  7  7  7    7  7  7  7  7  7  7  7  7  7   
151a   7  7  7  7  7  7  7  7  7  7    7  7  7  7  7  7  7  7  7  7    7  7  7  7  7  7  7  7  7  7    7  7  7  7  7  7  7  7  7  7   
151b   7  7  7  7  7  7  7  7  7  7    7  7  7  7  7  7  7  7  7  7    7  7  7  7  7  7  7  7  7  7    7  7  7  7  7  7  7  7  7  7   
152a   7  7  7  7  7  7  7  7  7  7    7  7  7  7  7  7  7  7  7  7    7  7  7  7  7  7  7  7  7  7    7  7  7  7  7  7  7  7  7  7   
152b   7  7  7  7  7  7  7  7  7  7    7  7  7  7  7  7  7  7  7  7    7  7  7  7  7  7  7  7  7  7    7  7  7  7  7  7  7  7  7  7   
153a   7  7  7  7  7  7  7  7  7  7    7  7  7  7  7  7  7  7  7  7    7  7  7  7  7  7  7  7  7  7    7  7  7  7  7  7  7  7  7  7   
153b   7  7  7  7  7  7  7  7  7  7    7  7  7  7  7  7  7  7  7  7    7  7  7  7  7  7  7  7  7  7    7  7  7  7  7  7  7  7  7  7   
154a   7  7  7  7  7  7  7  7  7  7    7  7  7  7  7  7  7  7  7  7    7  7  7  7  7  7  7  7  7  7    7  7  7  7  7  7  7  7  7  7   
154b   7  7  7  7  7  7  7  7  7  7    7  7  7  7  7  7  7  7  7  7    7  7  7  7  7  7  7  7  7  7    7  7  7  7  7  7  7  7  7  7   
155a   7  7  7  7  7  7  7  7  7  7    7  7  7  7  7  7  7  7  7  7    7  7  7  7  7  7  7  7  7  7    7  7  7  7  7  7  7  7  7  7   
155b   7  7  7  7  7  7  7  7  7  7    7  7  7  7  7  7  7  7  7  7    7  7  7  7  7  7  7  7  7  7    7  7  7  7  7  7  7  7  7  7   
156a   7  7  7  7  7  7  7  7  7  7    7  7  7  7  7  7  7  7  7  7    7  7  7  7  7  7  7  7  7  7    7  7  7  7  7  7  7  7  7  7   
156b   7  7  7  7  7  7  7  7  7  7    7  7  7  7  7  7  7  7  7  7    7  7  7  7  7  7  7  7  7  7    7  7  7  7  7  7  7  7  7  7   
157a   7  7  7  7  7  7  7  7  7  7    7  7  7  7  7  7  7  7  7  7    7  7  7  7  7  7  7  7  7  7    7  7  7  7  7  7  7  7  7  7   
157b   7  7  7  7  7  7  7  7  7  7    7  7  7  7  7  7  7  7  7  7    7  7  7  7  7  7  7  7  7  7    7  7  7  7  7  7  7  7  7  7   
158a   7  7  7  7  7  7  7  7  7  7    7  7  7  7  7  7  7  7  7  7    7  7  7  7  7  7  7  7  7  7    7  7  7  7  7  7  7  7  7  7   
158b   7  7  7  7  7  7  7  7  7  7    7  7  7  7  7  7  7  7  7  7    7  7  7  7  7  7  7  7  7  7    7  7  7  7  7  7  7  7  7  7   
159a   7  7  7  7  7  7  7  7  7  7    7  7  7  7  7  7  7  7  7  7    7  7  7  7  7  7  7  7  7  7    7  7  7  7  7  7  7  7  7  7   
159b   7  7  7  7  7  7  7  7  7  7    7  7  7  7  7  7  7  7  7  7    7  7  7  7  7  7  7  7  7  7    7  7  7  7  7  7  7  7  7  7   
160a   7  7  7  7  7  7  7  7  7  7    7  7  7  7  7  7  7  7  7  7    7  7  7  7  7  7  7  7  7  7    7  7  7  7  7  7  7  7  7  7   
160b   7  7  7  7  7  7  7  7  7  7    7  7  7  7  7  7  7  7  7  7    7  7  7  7  7  7  7  7  7  7    7  7  7  7  7  7  7  7  7  7   
161a   7  7  7  7  7  7  7  7  7  7    7  7  7  7  7  7  7  7  7  7    7  7  7  7  7  7  7  7  7  7    7  7  7  7  7  7  7  7  7  7   
161b   7  7  7  7  7  7  7  7  7  7    7  7  7  7  7  7  7  7  7  7    7  7  7  7  7  7  7  7  7  7    7  7  7  7  7  7  7  7  7  7   
162a   7  7  7  7  7  7  7  7  7  7    7  7  7  7  7  7  7  7  7  7    7  7  7  7  7  7  7  7  7  7    7  7  7  7  7  7  7  7  7  7   
162b   7  7  7  7  7  7  7  7  7  7    7  7  7  7  7  7  7  7  7  7    7  7  7  7  7  7  7  7  7  7    7  7  7  7  7  7  7  7  7  7   
163a   7  7  7  7  7  7  7  7  7  7    7  7  7  7  7  7  7  7  7  7    7  7  7  7  7  7  7  7  7  7    7  7  7  7  7  7  7  7  7  7   
163b   7  7  7  7  7  7  7  7  7  7    7  7  7  7  7  7  7  7  7  7    7  7  7  7  7  7  7  7  7  7    7  7  7  7  7  7  7  7  7  7   
164a   7  7  7  7  7  7  7  7  7  7    7  7  7  7  7  7  7  7  7  7    7  7  7  7  7  7  7  7  7  7    7  7  7  7  7  7  7  7  7  7   
164b   7  7  7  7  7  7  7  7  7  7    7  7  7  7  7  7  7  7  7  7    7  7  7  7  7  7  7  7  7  7    7  7  7  7  7  7  7  7  7  7   
165a   7  7  7  7  7  7  7  7  7  7    7  7  7  7  7  7  7  7  7  7    7  7  7  7  7  7  7  7  7  7    7  7  7  7  7  7  7  7  7  7   
165b   7  7  7  7  7  7  7  7  7  7    7  7  7  7  7  7  7  7  7  7    7  7  7  7  7  7  7  7  7  7    7  7  7  7  7  7  7  7  7  7   
166a   7  7  7  7  7  7  7  7  7  7    7  7  7  7  7  7  7  7  7  7    7  7  7  7  7  7  7  7  7  7    7  7  7  7  7  7  7  7  7  7   
166b   7  7  7  7  7  7  7  7  7  7    7  7  7  7  7  7  7  7  7  7    7  7  7  7  7  7  7  7  7  7    7  7  7  7  7  7  7  7  7  7   
167a   7  7  7  7  7  7  7  7  7  7    7  7  7  7  7  7  7  7  7  7    7  7  7  7  7  7  7  7  7  7    7  7  7  7  7  7  7  7  7  7   
167b   7  7  7  7  7  7  7  7  7  7    7  7  7  7  7  7  7  7  7  7    7  7  7  7  7  7  7  7  7  7    7  7  7  7  7  7  7  7  7  7   
168a   7  7  7  7  7  7  7  7  7  7    7  7  7  7  7  7  7  7  7  7    7  7  7  7  7  7  7  7  7  7    7  7  7  7  7  7  7  7  7  7   
168b   7  7  7  7  7  7  7  7  7  7    7  7  7  7  7  7  7  7  7  7    7  7  7  7  7  7  7  7  7  7    7  7  7  7  7  7  7  7  7  7   
169a   7  7  7  7  7  7  7  7  7  7    7  7  7  7  7  7  7  7  7  7    7  7  7  7  7  7  7  7  7  7    7  7  7  7  7  7  7  7  7  7   
169b   7  7  7  7  7  7  7  7  7  7    7  7  7  7  7  7  7  7  7  7    7  7  7  7  7  7  7  7  7  7    7  7  7  7  7  7  7  7  7  7   
170a   7  7  7  7  7  7  7  7  7  7    7  7  7  7  7  7  7  7  7  7    7  7  7  7  7  7  7  7  7  7    7  7  7  7  7  7  7  7  7  7   
170b   7  7  7  7  7  7  7  7  7  7    7  7  7  7  7  7  7  7  7  7    7  7  7  7  7  7  7  7  7  7    7  7  7  7  7  7  7  7  7  7   
171a   7  7  7  7  7  7  7  7  7  7    7  7  7  7  7  7  7  7  7  7    7  7  7  7  7  7  7  7  7  7    7  7  7  7  7  7  7  7  7  7   
171b   7  7  7  7  7  7  7  7  7  7    7  7  7  7  7  7  7  7  7  7    7  7  7  7  7  7  7  7  7  7    7  7  7  7  7  7  7  7  7  7   
172a   7  7  7  7  7  7  7  7  7  7    7  7  7  7  7  7  7  7  7  7    7  7  7  7  7  7  7  7  7  7    7  7  7  7  7  7  7  7  7  7   
172b   7  7  7  7  7  7  7  7  7  7    7  7  7  7  7  7  7  7  7  7    7  7  7  7  7  7  7  7  7  7    7  7  7  7  7  7  7  7  7  7   
173a   7  7  7  7  7  7  7  7  7  7    7  7  7  7  7  7  7  7  7  7    7  7  7  7  7  7  7  7  7  7    7  7  7  7  7  7  7  7  7  7   
173b   7  7  7  7  7  7  7  7  7  7    7  7  7  7  7  7  7  7  7  7    7  7  7  7  7  7  7  7  7  7    7  7  7  7  7  7  7  7  7  7   
174a   7  7  7  7  7  7  7  7  7  7    7  7  7  7  7  7  7  7  7  7    7  7  7  7  7  7  7  7  7  7    7  7  7  7  7  7  7  7  7  7   
174b   7  7  7  7  7  7  7  7  7  7    7  7  7  7  7  7  7  7  7  7    7  7  7  7  7  7  7  7  7  7    7  7  7  7  7  7  7  7  7  7   
175a   7  7  7  7  7  7  7  7  7  7    7  7  7  7  7  7  7  7  7  7    7  7  7  7  7  7  7  7  7  7    7  7  7  7  7  7  7  7  7  7   
175b   7  7  7  7  7  7  7  7  7  7    7  7  7  7  7  7  7  7  7  7    7  7  7  7  7  7  7  7  7  7    7  7  7  7  7  7  7  7  7  7   
176a   7  7  7  7  7  7  7  7  7  7    7  7  7  7  7  7  7  7  7  7    7  7  7  7  7  7  7  7  7  7    7  7  7  7  7  7  7  7  7  7   
176b   7  7  7  7  7  7  7  7  7  7    7  7  7  7  7  7  7  7  7  7    7  7  7  7  7  7  7  7  7  7    7  7  7  7  7  7  7  7  7  7   
177a   7  7  7  7  7  7  7  7  7  7    7  7  7  7  7  7  7  7  7  7    7  7  7  7  7  7  7  7  7  7    7  7  7  7  7  7  7  7  7  7   
177b   7  7  7  7  7  7  7  7  7  7    7  7  7  7  7  7  7  7  7  7    7  7  7  7  7  7  7  7  7  7    7  7  7  7  7  7  7  7  7  7   
178a   7  7  7  7  7  7  7  7  7  7    7  7  7  7  7  7  7  7  7  7    7  7  7  7  7  7  7  7  7  7    7  7  7  7  7  7  7  7  7  7   
178b   7  7  7  7  7  7  7  7  7  7    7  7  7  7  7  7  7  7  7  7    7  7  7  7  7  7  7  7  7  7    7  7  7  7  7  7  7  7  7  7   
179a   7  7  7  7  7  7  7  7  7  7    7  7  7  7  7  7  7  7  7  7    7  7  7  7  7  7  7  7  7  7    7  7  7  7  7  7  7  7  7  7   
179b   7  7  7  7  7  7  7  7  7  7    7  7  7  7  7  7  7  7  7  7    7  7  7  7  7  7  7  7  7  7    7  7  7  7  7  7  7  7  7  7   
180a   7  7  7  7  7  7  7  7  7  7    7  7  7  7  7  7  7  7  7  7    7  7  7  7  7  7  7  7  7  7    7  7  7  7  7  7  7  7  7  7   
180b   7  7  7  7  7  7  7  7  7  7    7  7  7  7  7  7  7  7  7  7    7  7  7  7  7  7  7  7  7  7    7  7  7  7  7  7  7  7  7  7   
181a   7  7  7  7  7  7  7  7  7  7    7  7  7  7  7  7  7  7  7  7    7  7  7  7  7  7  7  7  7  7    7  7  7  7  7  7  7  7  7  7   
181b   7  7  7  7  7  7  7  7  7  7    7  7  7  7  7  7  7  7  7  7    7  7  7  7  7  7  7  7  7  7    7  7  7  7  7  7  7  7  7  7   
182a   7  7  7  7  7  7  7  7  7  7    7  7  7  7  7  7  7  7  7  7    7  7  7  7  7  7  7  7  7  7    7  7  7  7  7  7  7  7  7  7   
182b   7  7  7  7  7  7  7  7  7  7    7  7  7  7  7  7  7  7  7  7    7  7  7  7  7  7  7  7  7  7    7  7  7  7  7  7  7  7  7  7   
183a   7  7  7  7  7  7  7  7  7  7    7  7  7  7  7  7  7  7  7  7    7  7  7  7  7  7  7  7  7  7    7  7  7  7  7  7  7  7  7  7   
183b   7  7  7  7  7  7  7  7  7  7    7  7  7  7  7  7  7  7  7  7    7  7  7  7  7  7  7  7  7  7    7  7  7  7  7  7  7  7  7  7   
184a   7  7  7  7  7  7  7  7  7  7    7  7  7  7  7  7  7  7  7  7    7  7  7  7  7  7  7  7  7  7    7  7  7  7  7  7  7  7  7  7   
184b   7  7  7  7  7  7  7  7  7  7    7  7  7  7  7  7  7  7  7  7    7  7  7  7  7  7  7  7  7  7    7  7  7  7  7  7  7  7  7  7   
185a   7  7  7  7  7  7  7  7  7  7    7  7  7  7  7  7  7  7  7  7    7  7  7  7  7  7  7  7  7  7    7  7  7  7  7  7  7  7  7  7   
185b   7  7  7  7  7  7  7  7  7  7    7  7  7  7  7  7  7  7  7  7    7  7  7  7  7  7  7  7  7  7    7  7  7  7  7  7  7  7  7  7   
186a   7  7  7  7  7  7  7  7  7  7    7  7  7  7  7  7  7  7  7  7    7  7  7  7  7  7  7  7  7  7    7  7  7  7  7  7  7  7  7  7   
186b   7  7  7  7  7  7  7  7  7  7    7  7  7  7  7  7  7  7  7  7    7  7  7  7  7  7  7  7  7  7    7  7  7  7  7  7  7  7  7  7   
187a   7  7  7  7  7  7  7  7  7  7    7  7  7  7  7  7  7  7  7  7    7  7  7  7  7  7  7  7  7  7    7  7  7  7  7  7  7  7  7  7   
187b   7  7  7  7  7  7  7  7  7  7    7  7  7  7  7  7  7  7  7  7    7  7  7  7  7  7  7  7  7  7    7  7  7  7  7  7  7  7  7  7   
188a   7  7  7  7  7  7  7  7  7  7    7  7  7  7  7  7  7  7  7  7    7  7  7  7  7  7  7  7  7  7    7  7  7  7  7  7  7  7  7  7   
188b   7  7  7  7  7  7  7  7  7  7    7  7  7  7  7  7  7  7  7  7    7  7  7  7  7  7  7  7  7  7    7  7  7  7  7  7  7  7  7  7   
189a   7  7  7  7  7  7  7  7  7  7    7  7  7  7  7  7  7  7  7  7    7  7  7  7  7  7  7  7  7  7    7  7  7  7  7  7  7  7  7  7   
189b   7  7  7  7  7  7  7  7  7  7    7  7  7  7  7  7  7  7  7  7    7  7  7  7  7  7  7  7  7  7    7  7  7  7  7  7  7  7  7  7   
190a   7  7  7  7  7  7  7  7  7  7    7  7  7  7  7  7  7  7  7  7    7  7  7  7  7  7  7  7  7  7    7  7  7  7  7  7  7  7  7  7   
190b   7  7  7  7  7  7  7  7  7  7    7  7  7  7  7  7  7  7  7  7    7  7  7  7  7  7  7  7  7  7    7  7  7  7  7  7  7  7  7  7   
191a   7  7  7  7  7  7  7  7  7  7    7  7  7  7  7  7  7  7  7  7    7  7  7  7  7  7  7  7  7  7    7  7  7  7  7  7  7  7  7  7   
191b   7  7  7  7  7  7  7  7  7  7    7  7  7  7  7  7  7  7  7  7    7  7  7  7  7  7  7  7  7  7    7  7  7  7  7  7  7  7  7  7   
192a   7  7  7  7  7  7  7  7  7  7    7  7  7  7  7  7  7  7  7  7    7  7  7  7  7  7  7  7  7  7    7  7  7  7  7  7  7  7  7  7   
192b   7  7  7  7  7  7  7  7  7  7    7  7  7  7  7  7  7  7  7  7    7  7  7  7  7  7  7  7  7  7    7  7  7  7  7  7  7  7  7  7   
193a   7  7  7  7  7  7  7  7  7  7    7  7  7  7  7  7  7  7  7  7    7  7  7  7  7  7  7  7  7  7    7  7  7  7  7  7  7  7  7  7   
193b   7  7  7  7  7  7  7  7  7  7    7  7  7  7  7  7  7  7  7  7    7  7  7  7  7  7  7  7  7  7    7  7  7  7  7  7  7  7  7  7   
194a   7  7  7  7  7  7  7  7  7  7    7  7  7  7  7  7  7  7  7  7    7  7  7  7  7  7  7  7  7  7    7  7  7  7  7  7  7  7  7  7   
194b   7  7  7  7  7  7  7  7  7  7    7  7  7  7  7  7  7  7  7  7    7  7  7  7  7  7  7  7  7  7    7  7  7  7  7  7  7  7  7  7   
195a   7  7  7  7  7  7  7  7  7  7    7  7  7  7  7  7  7  7  7  7    7  7  7  7  7  7  7  7  7  7    7  7  7  7  7  7  7  7  7  7   
195b   7  7  7  7  7  7  7  7  7  7    7  7  7  7  7  7  7  7  7  7    7  7  7  7  7  7  7  7  7  7    7  7  7  7  7  7  7  7  7  7   
196a   7  7  7  7  7  7  7  7  7  7    7  7  7  7  7  7  7  7  7  7    7  7  7  7  7  7  7  7  7  7    7  7  7  7  7  7  7  7  7  7   
196b   7  7  7  7  7  7  7  7  7  7    7  7  7  7  7  7  7  7  7  7    7  7  7  7  7  7  7  7  7  7    7  7  7  7  7  7  7  7  7  7   
197a   7  7  7  7  7  7  7  7  7  7    7  7  7  7  7  7  7  7  7  7    7  7  7  7  7  7  7  7  7  7    7  7  7  7  7  7  7  7  7  7   
197b   7  7  7  7  7  7  7  7  7  7    7  7  7  7  7  7  7  7  7  7    7  7  7  7  7  7  7  7  7  7    7  7  7  7  7  7  7  7  7  7   
198a   7  7  7  7  7  7  7  7  7  7    7  7  7  7  7  7  7  7  7  7    7  7  7  7  7  7  7  7  7  7    7  7  7  7  7  7  7  7  7  7   
198b   7  7  7  7  7  7  7  7  7  7    7  7  7  7  7  7  7  7  7  7    7  7  7  7  7  7  7  7  7  7    7  7  7  7  7  7  7  7  7  7   
199a   7  7  7  7  7  7  7  7  7  7    7  7  7  7  7  7  7  7  7  7    7  7  7  7  7  7  7  7  7  7    7  7  7  7  7  7  7  7  7  7   
199b   7  7  7  7  7  7  7  7  7  7    7  7  7  7  7  7  7  7  7  7    7  7  7  7  7  7  7  7  7  7    7  7  7  7  7  7  7  7  7  7   
200a   7  7  7  7  7  7  7  7  7  7    7  7  7  7  7  7  7  7  7  7    7  7  7  7  7  7  7  7  7  7    7  7  7  7  7  7  7  7  7  7   
200b   7  7  7  7  7  7  7  7  7  7    7  7  7  7  7  7  7  7  7  7    7  7  7  7  7  7  7  7  7  7    7  7  7  7  7  7  7  7  7  7   
201a   7  7  7  7  7  7  7  7  7  7    7  7  7  7  7  7  7  7  7  7    7  7  7  7  7  7  7  7  7  7    7  7  7  7  7  7  7  7  7  7   
201b   7  7  7  7  7  7  7  7  7  7    7  7  7  7  7  7  7  7  7  7    7  7  7  7  7  7  7  7  7  7    7  7  7  7  7  7  7  7  7  7   
202a   7  7  7  7  7  7  7  7  7  7    7  7  7  7  7  7  7  7  7  7    7  7  7  7  7  7  7  7  7  7    7  7  7  7  7  7  7  7  7  7   
202b   7  7  7  7  7  7  7  7  7  7    7  7  7  7  7  7  7  7  7  7    7  7  7  7  7  7  7  7  7  7    7  7  7  7  7  7  7  7  7  7   
203a   7  7  7  7  7  7  7  7  7  7    7  7  7  7  7  7  7  7  7  7    7  7  7  7  7  7  7  7  7  7    7  7  7  7  7  7  7  7  7  7   
203b   7  7  7  7  7  7  7  7  7  7    7  7  7  7  7  7  7  7  7  7    7  7  7  7  7  7  7  7  7  7    7  7  7  7  7  7  7  7  7  7   
204a   7  7  7  7  7  7  7  7  7  7    7  7  7  7  7  7  7  7  7  7    7  7  7  7  7  7  7  7  7  7    7  7  7  7  7  7  7  7  7  7   
204b   7  7  7  7  7  7  7  7  7  7    7  7  7  7  7  7  7  7  7  7    7  7  7  7  7  7  7  7  7  7    7  7  7  7  7  7  7  7  7  7   
205a   7  7  7  7  7  7  7  7  7  7    7  7  7  7  7  7  7  7  7  7    7  7  7  7  7  7  7  7  7  7    7  7  7  7  7  7  7  7  7  7   
205b   7  7  7  7  7  7  7  7  7  7    7  7  7  7  7  7  7  7  7  7    7  7  7  7  7  7  7  7  7  7    7  7  7  7  7  7  7  7  7  7   
206a   7  7  7  7  7  7  7  7  7  7    7  7  7  7  7  7  7  7  7  7    7  7  7  7  7  7  7  7  7  7    7  7  7  7  7  7  7  7  7  7   
206b   7  7  7  7  7  7  7  7  7  7    7  7  7  7  7  7  7  7  7  7    7  7  7  7  7  7  7  7  7  7    7  7  7  7  7  7  7  7  7  7   
207a   7  7  7  7  7  7  7  7  7  7    7  7  7  7  7  7  7  7  7  7    7  7  7  7  7  7  7  7  7  7    7  7  7  7  7  7  7  7  7  7   
207b   7  7  7  7  7  7  7  7  7  7    7  7  7  7  7  7  7  7  7  7    7  7  7  7  7  7  7  7  7  7    7  7  7  7  7  7  7  7  7  7   
208a   7  7  7  7  7  7  7  7  7  7    7  7  7  7  7  7  7  7  7  7    7  7  7  7  7  7  7  7  7  7    7  7  7  7  7  7  7  7  7  7   
208b   7  7  7  7  7  7  7  7  7  7    7  7  7  7  7  7  7  7  7  7    7  7  7  7  7  7  7  7  7  7    7  7  7  7  7  7  7  7  7  7   
209a   7  7  7  7  7  7  7  7  7  7    7  7  7  7  7  7  7  7  7  7    7  7  7  7  7  7  7  7  7  7    7  7  7  7  7  7  7  7  7  7   
209b   7  7  7  7  7  7  7  7  7  7    7  7  7  7  7  7  7  7  7  7    7  7  7  7  7  7  7  7  7  7    7  7  7  7  7  7  7  7  7  7   
210a   7  7  7  7  7  7  7  7  7  7    7  7  7  7  7  7  7  7  7  7    7  7  7  7  7  7  7  7  7  7    7  7  7  7  7  7  7  7  7  7   
210b   7  7  7  7  7  7  7  7  7  7    7  7  7  7  7  7  7  7  7  7    7  7  7  7  7  7  7  7  7  7    7  7  7  7  7  7  7  7  7  7   
211a   7  7  7  7  7  7  7  7  7  7    7  7  7  7  7  7  7  7  7  7    7  7  7  7  7  7  7  7  7  7    7  7  7  7  7  7  7  7  7  7   
211b   7  7  7  7  7  7  7  7  7  7    7  7  7  7  7  7  7  7  7  7    7  7  7  7  7  7  7  7  7  7    7  7  7  7  7  7  7  7  7  7   
212a   7  7  7  7  7  7  7  7  7  7    7  7  7  7  7  7  7  7  7  7    7  7  7  7  7  7  7  7  7  7    7  7  7  7  7  7  7  7  7  7   
212b   7  7  7  7  7  7  7  7  7  7    7  7  7  7  7  7  7  7  7  7    7  7  7  7  7  7  7  7  7  7    7  7  7  7  7  7  7  7  7  7   
213a   7  7  7  7  7  7  7  7  7  7    7  7  7  7  7  7  7  7  7  7    7  7  7  7  7  7  7  7  7  7    7  7  7  7  7  7  7  7  7  7   
213b   7  7  7  7  7  7  7  7  7  7    7  7  7  7  7  7  7  7  7  7    7  7  7  7  7  7  7  7  7  7    7  7  7  7  7  7  7  7  7  7   
214a   7  7  7  7  7  7  7  7  7  7    7  7  7  7  7  7  7  7  7  7    7  7  7  7  7  7  7  7  7  7    7  7  7  7  7  7  7  7  7  7   
214b   7  7  7  7  7  7  7  7  7  7    7  7  7  7  7  7  7  7  7  7    7  7  7  7  7  7  7  7  7  7    7  7  7  7  7  7  7  7  7  7   
215a   7  7  7  7  7  7  7  7  7  7    7  7  7  7  7  7  7  7  7  7    7  7  7  7  7  7  7  7  7  7    7  7  7  7  7  7  7  7  7  7   
215b   7  7  7  7  7  7  7  7  7  7    7  7  7  7  7  7  7  7  7  7    7  7  7  7  7  7  7  7  7  7    7  7  7  7  7  7  7  7  7  7   
216a   7  7  7  7  7  7  7  7  7  7    7  7  7  7  7  7  7  7  7  7    7  7  7  7  7  7  7  7  7  7    7  7  7  7  7  7  7  7  7  7   
216b   7  7  7  7  7  7  7  7  7  7    7  7  7  7  7  7  7  7  7  7    7  7  7  7  7  7  7  7  7  7    7  7  7  7  7  7  7  7  7  7   
217a   7  7  7  7  7  7  7  7  7  7    7  7  7  7  7  7  7  7  7  7    7  7  7  7  7  7  7  7  7  7    7  7  7  7  7  7  7  7  7  7   
217b   7  7  7  7  7  7  7  7  7  7    7  7  7  7  7  7  7  7  7  7    7  7  7  7  7  7  7  7  7  7    7  7  7  7  7  7  7  7  7  7   
218a   7  7  7  7  7  7  7  7  7  7    7  7  7  7  7  7  7  7  7  7    7  7  7  7  7  7  7  7  7  7    7  7  7  7  7  7  7  7  7  7   
218b   7  7  7  7  7  7  7  7  7  7    7  7  7  7  7  7  7  7  7  7    7  7  7  7  7  7  7  7  7  7    7  7  7  7  7  7  7  7  7  7   
219a   7  7  7  7  7  7  7  7  7  7    7  7  7  7  7  7  7  7  7  7    7  7  7  7  7  7  7  7  7  7    7  7  7  7  7  7  7  7  7  7   
219b   7  7  7  7  7  7  7  7  7  7    7  7  7  7  7  7  7  7  7  7    7  7  7  7  7  7  7  7  7  7    7  7  7  7  7  7  7  7  7  7   
220a   7  7  7  7  7  7  7  7  7  7    7  7  7  7  7  7  7  7  7  7    7  7  7  7  7  7  7  7  7  7    7  7  7  7  7  7  7  7  7  7   
220b   7  7  7  7  7  7  7  7  7  7    7  7  7  7  7  7  7  7  7  7    7  7  7  7  7  7  7  7  7  7    7  7  7  7  7  7  7  7  7  7   
221a   7  7  7  7  7  7  7  7  7  7    7  7  7  7  7  7  7  7  7  7    7  7  7  7  7  7  7  7  7  7    7  7  7  7  7  7  7  7  7  7   
221b   7  7  7  7  7  7  7  7  7  7    7  7  7  7  7  7  7  7  7  7    7  7  7  7  7  7  7  7  7  7    7  7  7  7  7  7  7  7  7  7   
222a   7  7  7  7  7  7  7  7  7  7    7  7  7  7  7  7  7  7  7  7    7  7  7  7  7  7  7  7  7  7    7  7  7  7  7  7  7  7  7  7   
222b   7  7  7  7  7  7  7  7  7  7    7  7  7  7  7  7  7  7  7  7    7  7  7  7  7  7  7  7  7  7    7  7  7  7  7  7  7  7  7  7   
223a   7  7  7  7  7  7  7  7  7  7    7  7  7  7  7  7  7  7  7  7    7  7  7  7  7  7  7  7  7  7    7  7  7  7  7  7  7  7  7  7   
223b   7  7  7  7  7  7  7  7  7  7    7  7  7  7  7  7  7  7  7  7    7  7  7  7  7  7  7  7  7  7    7  7  7  7  7  7  7  7  7  7   
224a   7  7  7  7  7  7  7  7  7  7    7  7  7  7  7  7  7  7  7  7    7  7  7  7  7  7  7  7  7  7    7  7  7  7  7  7  7  7  7  7   
224b   7  7  7  7  7  7  7  7  7  7    7  7  7  7  7  7  7  7  7  7    7  7  7  7  7  7  7  7  7  7    7  7  7  7  7  7  7  7  7  7   
225a   7  7  7  7  7  7  7  7  7  7    7  7  7  7  7  7  7  7  7  7    7  7  7  7  7  7  7  7  7  7    7  7  7  7  7  7  7  7  7  7   
225b   7  7  7  7  7  7  7  7  7  7    7  7  7  7  7  7  7  7  7  7    7  7  7  7  7  7  7  7  7  7    7  7  7  7  7  7  7  7  7  7   
226a   7  7  7  7  7  7  7  7  7  7    7  7  7  7  7  7  7  7  7  7    7  7  7  7  7  7  7  7  7  7    7  7  7  7  7  7  7  7  7  7   
226b   7  7  7  7  7  7  7  7  7  7    7  7  7  7  7  7  7  7  7  7    7  7  7  7  7  7  7  7  7  7    7  7  7  7  7  7  7  7  7  7   
227a   7  7  7  7  7  7  7  7  7  7    7  7  7  7  7  7  7  7  7  7    7  7  7  7  7  7  7  7  7  7    7  7  7  7  7  7  7  7  7  7   
227b   7  7  7  7  7  7  7  7  7  7    7  7  7  7  7  7  7  7  7  7    7  7  7  7  7  7  7  7  7  7    7  7  7  7  7  7  7  7  7  7   
228a   7  7  7  7  7  7  7  7  7  7    7  7  7  7  7  7  7  7  7  7    7  7  7  7  7  7  7  7  7  7    7  7  7  7  7  7  7  7  7  7   
228b   7  7  7  7  7  7  7  7  7  7    7  7  7  7  7  7  7  7  7  7    7  7  7  7  7  7  7  7  7  7    7  7  7  7  7  7  7  7  7  7   
229a   7  7  7  7  7  7  7  7  7  7    7  7  7  7  7  7  7  7  7  7    7  7  7  7  7  7  7  7  7  7    7  7  7  7  7  7  7  7  7  7   
229b   7  7  7  7  7  7  7  7  7  7    7  7  7  7  7  7  7  7  7  7    7  7  7  7  7  7  7  7  7  7    7  7  7  7  7  7  7  7  7  7   
230a   7  7  7  7  7  7  7  7  7  7    7  7  7  7  7  7  7  7  7  7    7  7  7  7  7  7  7  7  7  7    7  7  7  7  7  7  7  7  7  7   
230b   7  7  7  7  7  7  7  7  7  7    7  7  7  7  7  7  7  7  7  7    7  7  7  7  7  7  7  7  7  7    7  7  7  7  7  7  7  7  7  7   
231a   7  7  7  7  7  7  7  7  7  7    7  7  7  7  7  7  7  7  7  7    7  7  7  7  7  7  7  7  7  7    7  7  7  7  7  7  7  7  7  7   
231b   7  7  7  7  7  7  7  7  7  7    7  7  7  7  7  7  7  7  7  7    7  7  7  7  7  7  7  7  7  7    7  7  7  7  7  7  7  7  7  7   
232a   7  7  7  7  7  7  7  7  7  7    7  7  7  7  7  7  7  7  7  7    7  7  7  7  7  7  7  7  7  7    7  7  7  7  7  7  7  7  7  7   
232b   7  7  7  7  7  7  7  7  7  7    7  7  7  7  7  7  7  7  7  7    7  7  7  7  7  7  7  7  7  7    7  7  7  7  7  7  7  7  7  7   
233a   7  7  7  7  7  7  7  7  7  7    7  7  7  7  7  7  7  7  7  7    7  7  7  7  7  7  7  7  7  7    7  7  7  7  7  7  7  7  7  7   
233b   7  7  7  7  7  7  7  7  7  7    7  7  7  7  7  7  7  7  7  7    7  7  7  7  7  7  7  7  7  7    7  7  7  7  7  7  7  7  7  7   
234a   7  7  7  7  7  7  7  7  7  7    7  7  7  7  7  7  7  7  7  7    7  7  7  7  7  7  7  7  7  7    7  7  7  7  7  7  7  7  7  7   
234b   7  7  7  7  7  7  7  7  7  7    7  7  7  7  7  7  7  7  7  7    7  7  7  7  7  7  7  7  7  7    7  7  7  7  7  7  7  7  7  7   
235a   7  7  7  7  7  7  7  7  7  7    7  7  7  7  7  7  7  7  7  7    7  7  7  7  7  7  7  7  7  7    7  7  7  7  7  7  7  7  7  7   
235b   7  7  7  7  7  7  7  7  7  7    7  7  7  7  7  7  7  7  7  7    7  7  7  7  7  7  7  7  7  7    7  7  7  7  7  7  7  7  7  7   
236a   7  7  7  7  7  7  7  7  7  7    7  7  7  7  7  7  7  7  7  7    7  7  7  7  7  7  7  7  7  7    7  7  7  7  7  7  7  7  7  7   
236b   7  7  7  7  7  7  7  7  7  7    7  7  7  7  7  7  7  7  7  7    7  7  7  7  7  7  7  7  7  7    7  7  7  7  7  7  7  7  7  7   
237a   7  7  7  7  7  7  7  7  7  7    7  7  7  7  7  7  7  7  7  7    7  7  7  7  7  7  7  7  7  7    7  7  7  7  7  7  7  7  7  7   
237b   7  7  7  7  7  7  7  7  7  7    7  7  7  7  7  7  7  7  7  7    7  7  7  7  7  7  7  7  7  7    7  7  7  7  7  7  7  7  7  7   
238a   7  7  7  7  7  7  7  7  7  7    7  7  7  7  7  7  7  7  7  7    7  7  7  7  7  7  7  7  7  7    7  7  7  7  7  7  7  7  7  7   
238b   7  7  7  7  7  7  7  7  7  7    7  7  7  7  7  7  7  7  7  7    7  7  7  7  7  7  7  7  7  7    7  7  7  7  7  7  7  7  7  7   
239a   7  7  7  7  7  7  7  7  7  7    7  7  7  7  7  7  7  7  7  7    7  7  7  7  7  7  7  7  7  7    7  7  7  7  7  7  7  7  7  7   
239b   7  7  7  7  7  7  7  7  7  7    7  7  7  7  7  7  7  7  7  7    7  7  7  7  7  7  7  7  7  7    7  7  7  7  7  7  7  7  7  7   
240a   7  7  7  7  7  7  7  7  7  7    7  7  7  7  7  7  7  7  7  7    7  7  7  7  7  7  7  7  7  7    7  7  7  7  7  7  7  7  7  7   
240b   7  7  7  7  7  7  7  7  7  7    7  7  7  7  7  7  7  7  7  7    7  7  7  7  7  7  7  7  7  7    7  7  7  7  7  7  7  7  7  7   
241a   7  7  7  7  7  7  7  7  7  7    7  7  7  7  7  7  7  7  7  7    7  7  7  7  7  7  7  7  7  7    7  7  7  7  7  7  7  7  7  7   
241b   7  7  7  7  7  7  7  7  7  7    7  7  7  7  7  7  7  7  7  7    7  7  7  7  7  7  7  7  7  7    7  7  7  7  7  7  7  7  7  7   
242a   7  7  7  7  7  7  7  7  7  7    7  7  7  7  7  7  7  7  7  7    7  7  7  7  7  7  7  7  7  7    7  7  7  7  7  7  7  7  7  7   
242b   7  7  7  7  7  7  7  7  7  7    7  7  7  7  7  7  7  7  7  7    7  7  7  7  7  7  7  7  7  7    7  7  7  7  7  7  7  7  7  7   
243a   7  7  7  7  7  7  7  7  7  7    7  7  7  7  7  7  7  7  7  7    7  7  7  7  7  7  7  7  7  7    7  7  7  7  7  7  7  7  7  7   
243b   7  7  7  7  7  7  7  7  7  7    7  7  7  7  7  7  7  7  7  7    7  7  7  7  7  7  7  7  7  7    7  7  7  7  7  7  7  7  7  7   
244a   7  7  7  7  7  7  7  7  7  7    7  7  7  7  7  7  7  7  7  7    7  7  7  7  7  7  7  7  7  7    7  7  7  7  7  7  7  7  7  7   
244b   7  7  7  7  7  7  7  7  7  7    7  7  7  7  7  7  7  7  7  7    7  7  7  7  7  7  7  7  7  7    7  7  7  7  7  7  7  7  7  7   
245a   7  7  7  7  7  7  7  7  7  7    7  7  7  7  7  7  7  7  7  7    7  7  7  7  7  7  7  7  7  7    7  7  7  7  7  7  7  7  7  7   
245b   7  7  7  7  7  7  7  7  7  7    7  7  7  7  7  7  7  7  7  7    7  7  7  7  7  7  7  7  7  7    7  7  7  7  7  7  7  7  7  7   
246a   7  7  7  7  7  7  7  7  7  7    7  7  7  7  7  7  7  7  7  7    7  7  7  7  7  7  7  7  7  7    7  7  7  7  7  7  7  7  7  7   
246b   7  7  7  7  7  7  7  7  7  7    7  7  7  7  7  7  7  7  7  7    7  7  7  7  7  7  7  7  7  7    7  7  7  7  7  7  7  7  7  7   
247a   7  7  7  7  7  7  7  7  7  7    7  7  7  7  7  7  7  7  7  7    7  7  7  7  7  7  7  7  7  7    7  7  7  7  7  7  7  7  7  7   
247b   7  7  7  7  7  7  7  7  7  7    7  7  7  7  7  7  7  7  7  7    7  7  7  7  7  7  7  7  7  7    7  7  7  7  7  7  7  7  7  7   
248a   7  7  7  7  7  7  7  7  7  7    7  7  7  7  7  7  7  7  7  7    7  7  7  7  7  7  7  7  7  7    7  7  7  7  7  7  7  7  7  7   
248b   7  7  7  7  7  7  7  7  7  7    7  7  7  7  7  7  7  7  7  7    7  7  7  7  7  7  7  7  7  7    7  7  7  7  7  7  7  7  7  7   
249a   7  7  7  7  7  7  7  7  7  7    7  7  7  7  7  7  7  7  7  7    7  7  7  7  7  7  7  7  7  7    7  7  7  7  7  7  7  7  7  7   
249b   7  7  7  7  7  7  7  7  7  7    7  7  7  7  7  7  7  7  7  7    7  7  7  7  7  7  7  7  7  7    7  7  7  7  7  7  7  7  7  7   
250a   7  7  7  7  7  7  7  7  7  7    7  7  7  7  7  7  7  7  7  7    7  7  7  7  7  7  7  7  7  7    7  7  7  7  7  7  7  7  7  7   
250b   7  7  7  7  7  7  7  7  7  7    7  7  7  7  7  7  7  7  7  7    7  7  7  7  7  7  7  7  7  7    7  7  7  7  7  7  7  7  7  7   
251a   7  7  7  7  7  7  7  7  7  7    7  7  7  7  7  7  7  7  7  7    7  7  7  7  7  7  7  7  7  7    7  7  7  7  7  7  7  7  7  7   
251b   7  7  7  7  7  7  7  7  7  7    7  7  7  7  7  7  7  7  7  7    7  7  7  7  7  7  7  7  7  7    7  7  7  7  7  7  7  7  7  7   
252a   7  7  7  7  7  7  7  7  7  7    7  7  7  7  7  7  7  7  7  7    7  7  7  7  7  7  7  7  7  7    7  7  7  7  7  7  7  7  7  7   
252b   7  7  7  7  7  7  7  7  7  7    7  7  7  7  7  7  7  7  7  7    7  7  7  7  7  7  7  7  7  7    7  7  7  7  7  7  7  7  7  7   
253a   7  7  7  7  7  7  7  7  7  7    7  7  7  7  7  7  7  7  7  7    7  7  7  7  7  7  7  7  7  7    7  7  7  7  7  7  7  7  7  7   
253b   7  7  7  7  7  7  7  7  7  7    7  7  7  7  7  7  7  7  7  7    7  7  7  7  7  7  7  7  7  7    7  7  7  7  7  7  7  7  7  7   
254a   7  7  7  7  7  7  7  7  7  7    7  7  7  7  7  7  7  7  7  7    7  7  7  7  7  7  7  7  7  7    7  7  7  7  7  7  7  7  7  7   
254b   7  7  7  7  7  7  7  7  7  7    7  7  7  7  7  7  7  7  7  7    7  7  7  7  7  7  7  7  7  7    7  7  7  7  7  7  7  7  7  7   
255a   7  7  7  7  7  7  7  7  7  7    7  7  7  7  7  7  7  7  7  7    7  7  7  7  7  7  7  7  7  7    7  7  7  7  7  7  7  7  7  7   
255b   7  7  7  7  7  7  7  7  7  7    7  7  7  7  7  7  7  7  7  7    7  7  7  7  7  7  7  7  7  7    7  7  7  7  7  7  7  7  7  7   
256a   7  7  7  7  7  7  7  7  7  7    7  7  7  7  7  7  7  7  7  7    7  7  7  7  7  7  7  7  7  7    7  7  7  7  7  7  7  7  7  7   
256b   7  7  7  7  7  7  7  7  7  7    7  7  7  7  7  7  7  7  7  7    7  7  7  7  7  7  7  7  7  7    7  7  7  7  7  7  7  7  7  7   
257a   7  7  7  7  7  7  7  7  7  7    7  7  7  7  7  7  7  7  7  7    7  7  7  7  7  7  7  7  7  7    7  7  7  7  7  7  7  7  7  7   
257b   7  7  7  7  7  7  7  7  7  7    7  7  7  7  7  7  7  7  7  7    7  7  7  7  7  7  7  7  7  7    7  7  7  7  7  7  7  7  7  7   
258a   7  7  7  7  7  7  7  7  7  7    7  7  7  7  7  7  7  7  7  7    7  7  7  7  7  7  7  7  7  7    7  7  7  7  7  7  7  7  7  7   
258b   7  7  7  7  7  7  7  7  7  7    7  7  7  7  7  7  7  7  7  7    7  7  7  7  7  7  7  7  7  7    7  7  7  7  7  7  7  7  7  7   
259a   7  7  7  7  7  7  7  7  7  7    7  7  7  7  7  7  7  7  7  7    7  7  7  7  7  7  7  7  7  7    7  7  7  7  7  7  7  7  7  7   
259b   7  7  7  7  7  7  7  7  7  7    7  7  7  7  7  7  7  7  7  7    7  7  7  7  7  7  7  7  7  7    7  7  7  7  7  7  7  7  7  7   
260a   7  7  7  7  7  7  7  7  7  7    7  7  7  7  7  7  7  7  7  7    7  7  7  7  7  7  7  7  7  7    7  7  7  7  7  7  7  7  7  7   
260b   7  7  7  7  7  7  7  7  7  7    7  7  7  7  7  7  7  7  7  7    7  7  7  7  7  7  7  7  7  7    7  7  7  7  7  7  7  7  7  7   
261a   7  7  7  7  7  7  7  7  7  7    7  7  7  7  7  7  7  7  7  7    7  7  7  7  7  7  7  7  7  7    7  7  7  7  7  7  7  7  7  7   
261b   7  7  7  7  7  7  7  7  7  7    7  7  7  7  7  7  7  7  7  7    7  7  7  7  7  7  7  7  7  7    7  7  7  7  7  7  7  7  7  7   
262a   7  7  7  7  7  7  7  7  7  7    7  7  7  7  7  7  7  7  7  7    7  7  7  7  7  7  7  7  7  7    7  7  7  7  7  7  7  7  7  7   
262b   7  7  7  7  7  7  7  7  7  7    7  7  7  7  7  7  7  7  7  7    7  7  7  7  7  7  7  7  7  7    7  7  7  7  7  7  7  7  7  7   
263a   7  7  7  7  7  7  7  7  7  7    7  7  7  7  7  7  7  7  7  7    7  7  7  7  7  7  7  7  7  7    7  7  7  7  7  7  7  7  7  7   
263b   7  7  7  7  7  7  7  7  7  7    7  7  7  7  7  7  7  7  7  7    7  7  7  7  7  7  7  7  7  7    7  7  7  7  7  7  7  7  7  7   
264a   7  7  7  7  7  7  7  7  7  7    7  7  7  7  7  7  7  7  7  7    7  7  7  7  7  7  7  7  7  7    7  7  7  7  7  7  7  7  7  7   
264b   7  7  7  7  7  7  7  7  7  7    7  7  7  7  7  7  7  7  7  7    7  7  7  7  7  7  7  7  7  7    7  7  7  7  7  7  7  7  7  7   
265a   7  7  7  7  7  7  7  7  7  7    7  7  7  7  7  7  7  7  7  7    7  7  7  7  7  7  7  7  7  7    7  7  7  7  7  7  7  7  7  7   
265b   7  7  7  7  7  7  7  7  7  7    7  7  7  7  7  7  7  7  7  7    7  7  7  7  7  7  7  7  7  7    7  7  7  7  7  7  7  7  7  7   
266a   7  7  7  7  7  7  7  7  7  7    7  7  7  7  7  7  7  7  7  7    7  7  7  7  7  7  7  7  7  7    7  7  7  7  7  7  7  7  7  7   
266b   7  7  7  7  7  7  7  7  7  7    7  7  7  7  7  7  7  7  7  7    7  7  7  7  7  7  7  7  7  7    7  7  7  7  7  7  7  7  7  7   
267a   7  7  7  7  7  7  7  7  7  7    7  7  7  7  7  7  7  7  7  7    7  7  7  7  7  7  7  7  7  7    7  7  7  7  7  7  7  7  7  7   
267b   7  7  7  7  7  7  7  7  7  7    7  7  7  7  7  7  7  7  7  7    7  7  7  7  7  7  7  7  7  7    7  7  7  7  7  7  7  7  7  7   
268a   7  7  7  7  7  7  7  7  7  7    7  7  7  7  7  7  7  7  7  7    7  7  7  7  7  7  7  7  7  7    7  7  7  7  7  7  7  7  7  7   
268b   7  7  7  7  7  7  7  7  7  7    7  7  7  7  7  7  7  7  7  7    7  7  7  7  7  7  7  7  7  7    7  7  7  7  7  7  7  7  7  7   
269a   7  7  7  7  7  7  7  7  7  7    7  7  7  7  7  7  7  7  7  7    7  7  7  7  7  7  7  7  7  7    7  7  7  7  7  7  7  7  7  7   
269b   7  7  7  7  7  7  7  7  7  7    7  7  7  7  7  7  7  7  7  7    7  7  7  7  7  7  7  7  7  7    7  7  7  7  7  7  7  7  7  7   
270a   7  7  7  7  7  7  7  7  7  7    7  7  7  7  7  7  7  7  7  7    7  7  7  7  7  7  7  7  7  7    7  7  7  7  7  7  7  7  7  7   
270b   7  7  7  7  7  7  7  7  7  7    7  7  7  7  7  7  7  7  7  7    7  7  7  7  7  7  7  7  7  7    7  7  7  7  7  7  7  7  7  7   
271a   7  7  7  7  7  7  7  7  7  7    7  7  7  7  7  7  7  7  7  7    7  7  7  7  7  7  7  7  7  7    7  7  7  7  7  7  7  7  7  7   
271b   7  7  7  7  7  7  7  7  7  7    7  7  7  7  7  7  7  7  7  7    7  7  7  7  7  7  7  7  7  7    7  7  7  7  7  7  7  7  7  7   
272a   7  7  7  7  7  7  7  7  7  7    7  7  7  7  7  7  7  7  7  7    7  7  7  7  7  7  7  7  7  7    7  7  7  7  7  7  7  7  7  7   
272b   7  7  7  7  7  7  7  7  7  7    7  7  7  7  7  7  7  7  7  7    7  7  7  7  7  7  7  7  7  7    7  7  7  7  7  7  7  7  7  7   
273a   7  7  7  7  7  7  7  7  7  7    7  7  7  7  7  7  7  7  7  7    7  7  7  7  7  7  7  7  7  7    7  7  7  7  7  7  7  7  7  7   
273b   7  7  7  7  7  7  7  7  7  7    7  7  7  7  7  7  7  7  7  7    7  7  7  7  7  7  7  7  7  7    7  7  7  7  7  7  7  7  7  7   
274a   7  7  7  7  7  7  7  7  7  7    7  7  7  7  7  7  7  7  7  7    7  7  7  7  7  7  7  7  7  7    7  7  7  7  7  7  7  7  7  7   
274b   7  7  7  7  7  7  7  7  7  7    7  7  7  7  7  7  7  7  7  7    7  7  7  7  7  7  7  7  7  7    7  7  7  7  7  7  7  7  7  7   
275a   7  7  7  7  7  7  7  7  7  7    7  7  7  7  7  7  7  7  7  7    7  7  7  7  7  7  7  7  7  7    7  7  7  7  7  7  7  7  7  7   
275b   7  7  7  7  7  7  7  7  7  7    7  7  7  7  7  7  7  7  7  7    7  7  7  7  7  7  7  7  7  7    7  7  7  7  7  7  7  7  7  7   
276a   7  7  7  7  7  7  7  7  7  7    7  7  7  7  7  7  7  7  7  7    7  7  7  7  7  7  7  7  7  7    7  7  7  7  7  7  7  7  7  7   
276b   7  7  7  7  7  7  7  7  7  7    7  7  7  7  7  7  7  7  7  7    7  7  7  7  7  7  7  7  7  7    7  7  7  7  7  7  7  7  7  7   
277a   7  7  7  7  7  7  7  7  7  7    7  7  7  7  7  7  7  7  7  7    7  7  7  7  7  7  7  7  7  7    7  7  7  7  7  7  7  7  7  7   
277b   7  7  7  7  7  7  7  7  7  7    7  7  7  7  7  7  7  7  7  7    7  7  7  7  7  7  7  7  7  7    7  7  7  7  7  7  7  7  7  7   
278a   7  7  7  7  7  7  7  7  7  7    7  7  7  7  7  7  7  7  7  7    7  7  7  7  7  7  7  7  7  7    7  7  7  7  7  7  7  7  7  7   
278b   7  7  7  7  7  7  7  7  7  7    7  7  7  7  7  7  7  7  7  7    7  7  7  7  7  7  7  7  7  7    7  7  7  7  7  7  7  7  7  7   
279a   7  7  7  7  7  7  7  7  7  7    7  7  7  7  7  7  7  7  7  7    7  7  7  7  7  7  7  7  7  7    7  7  7  7  7  7  7  7  7  7   
279b   7  7  7  7  7  7  7  7  7  7    7  7  7  7  7  7  7  7  7  7    7  7  7  7  7  7  7  7  7  7    7  7  7  7  7  7  7  7  7  7   
280a   7  7  7  7  7  7  7  7  7  7    7  7  7  7  7  7  7  7  7  7    7  7  7  7  7  7  7  7  7  7    7  7  7  7  7  7  7  7  7  7   
280b   7  7  7  7  7  7  7  7  7  7    7  7  7  7  7  7  7  7  7  7    7  7  7  7  7  7  7  7  7  7    7  7  7  7  7  7  7  7  7  7   
281a   7  7  7  7  7  7  7  7  7  7    7  7  7  7  7  7  7  7  7  7    7  7  7  7  7  7  7  7  7  7    7  7  7  7  7  7  7  7  7  7   
281b   7  7  7  7  7  7  7  7  7  7    7  7  7  7  7  7  7  7  7  7    7  7  7  7  7  7  7  7  7  7    7  7  7  7  7  7  7  7  7  7   
282a   7  7  7  7  7  7  7  7  7  7    7  7  7  7  7  7  7  7  7  7    7  7  7  7  7  7  7  7  7  7    7  7  7  7  7  7  7  7  7  7   
282b   7  7  7  7  7  7  7  7  7  7    7  7  7  7  7  7  7  7  7  7    7  7  7  7  7  7  7  7  7  7    7  7  7  7  7  7  7  7  7  7   
283a   7  7  7  7  7  7  7  7  7  7    7  7  7  7  7  7  7  7  7  7    7  7  7  7  7  7  7  7  7  7    7  7  7  7  7  7  7  7  7  7   
283b   7  7  7  7  7  7  7  7  7  7    7  7  7  7  7  7  7  7  7  7    7  7  7  7  7  7  7  7  7  7    7  7  7  7  7  7  7  7  7  7   
284a   7  7  7  7  7  7  7  7  7  7    7  7  7  7  7  7  7  7  7  7    7  7  7  7  7  7  7  7  7  7    7  7  7  7  7  7  7  7  7  7   
284b   7  7  7  7  7  7  7  7  7  7    7  7  7  7  7  7  7  7  7  7    7  7  7  7  7  7  7  7  7  7    7  7  7  7  7  7  7  7  7  7   
285a   7  7  7  7  7  7  7  7  7  7    7  7  7  7  7  7  7  7  7  7    7  7  7  7  7  7  7  7  7  7    7  7  7  7  7  7  7  7  7  7   
285b   7  7  7  7  7  7  7  7  7  7    7  7  7  7  7  7  7  7  7  7    7  7  7  7  7  7  7  7  7  7    7  7  7  7  7  7  7  7  7  7   
286a   7  7  7  7  7  7  7  7  7  7    7  7  7  7  7  7  7  7  7  7    7  7  7  7  7  7  7  7  7  7    7  7  7  7  7  7  7  7  7  7   
286b   7  7  7  7  7  7  7  7  7  7    7  7  7  7  7  7  7  7  7  7    7  7  7  7  7  7  7  7  7  7    7  7  7  7  7  7  7  7  7  7   
287a   7  7  7  7  7  7  7  7  7  7    7  7  7  7  7  7  7  7  7  7    7  7  7  7  7  7  7  7  7  7    7  7  7  7  7  7  7  7  7  7   
287b   7  7  7  7  7  7  7  7  7  7    7  7  7  7  7  7  7  7  7  7    7  7  7  7  7  7  7  7  7  7    7  7  7  7  7  7  7  7  7  7   
288a   7  7  7  7  7  7  7  7  7  7    7  7  7  7  7  7  7  7  7  7    7  7  7  7  7  7  7  7  7  7    7  7  7  7  7  7  7  7  7  7   
288b   7  7  7  7  7  7  7  7  7  7    7  7  7  7  7  7  7  7  7  7    7  7  7  7  7  7  7  7  7  7    7  7  7  7  7  7  7  7  7  7   
289a   7  7  7  7  7  7  7  7  7  7    7  7  7  7  7  7  7  7  7  7    7  7  7  7  7  7  7  7  7  7    7  7  7  7  7  7  7  7  7  7   
289b   7  7  7  7  7  7  7  7  7  7    7  7  7  7  7  7  7  7  7  7    7  7  7  7  7  7  7  7  7  7    7  7  7  7  7  7  7  7  7  7   
290a   7  7  7  7  7  7  7  7  7  7    7  7  7  7  7  7  7  7  7  7    7  7  7  7  7  7  7  7  7  7    7  7  7  7  7  7  7  7  7  7   
290b   7  7  7  7  7  7  7  7  7  7    7  7  7  7  7  7  7  7  7  7    7  7  7  7  7  7  7  7  7  7    7  7  7  7  7  7  7  7  7  7   
291a   7  7  7  7  7  7  7  7  7  7    7  7  7  7  7  7  7  7  7  7    7  7  7  7  7  7  7  7  7  7    7  7  7  7  7  7  7  7  7  7   
291b   7  7  7  7  7  7  7  7  7  7    7  7  7  7  7  7  7  7  7  7    7  7  7  7  7  7  7  7  7  7    7  7  7  7  7  7  7  7  7  7   
292a   7  7  7  7  7  7  7  7  7  7    7  7  7  7  7  7  7  7  7  7    7  7  7  7  7  7  7  7  7  7    7  7  7  7  7  7  7  7  7  7   
292b   7  7  7  7  7  7  7  7  7  7    7  7  7  7  7  7  7  7  7  7    7  7  7  7  7  7  7  7  7  7    7  7  7  7  7  7  7  7  7  7   
293a   7  7  7  7  7  7  7  7  7  7    7  7  7  7  7  7  7  7  7  7    7  7  7  7  7  7  7  7  7  7    7  7  7  7  7  7  7  7  7  7   
293b   7  7  7  7  7  7  7  7  7  7    7  7  7  7  7  7  7  7  7  7    7  7  7  7  7  7  7  7  7  7    7  7  7  7  7  7  7  7  7  7   
294a   7  7  7  7  7  7  7  7  7  7    7  7  7  7  7  7  7  7  7  7    7  7  7  7  7  7  7  7  7  7    7  7  7  7  7  7  7  7  7  7   
294b   7  7  7  7  7  7  7  7  7  7    7  7  7  7  7  7  7  7  7  7    7  7  7  7  7  7  7  7  7  7    7  7  7  7  7  7  7  7  7  7   
295a   7  7  7  7  7  7  7  7  7  7    7  7  7  7  7  7  7  7  7  7    7  7  7  7  7  7  7  7  7  7    7  7  7  7  7  7  7  7  7  7   
295b   7  7  7  7  7  7  7  7  7  7    7  7  7  7  7  7  7  7  7  7    7  7  7  7  7  7  7  7  7  7    7  7  7  7  7  7  7  7  7  7   
296a   7  7  7  7  7  7  7  7  7  7    7  7  7  7  7  7  7  7  7  7    7  7  7  7  7  7  7  7  7  7    7  7  7  7  7  7  7  7  7  7   
296b   7  7  7  7  7  7  7  7  7  7    7  7  7  7  7  7  7  7  7  7    7  7  7  7  7  7  7  7  7  7    7  7  7  7  7  7  7  7  7  7   
297a   7  7  7  7  7  7  7  7  7  7    7  7  7  7  7  7  7  7  7  7    7  7  7  7  7  7  7  7  7  7    7  7  7  7  7  7  7  7  7  7   
297b   7  7  7  7  7  7  7  7  7  7    7  7  7  7  7  7  7  7  7  7    7  7  7  7  7  7  7  7  7  7    7  7  7  7  7  7  7  7  7  7   
298a   7  7  7  7  7  7  7  7  7  7    7  7  7  7  7  7  7  7  7  7    7  7  7  7  7  7  7  7  7  7    7  7  7  7  7  7  7  7  7  7   
298b   7  7  7  7  7  7  7  7  7  7    7  7  7  7  7  7  7  7  7  7    7  7  7  7  7  7  7  7  7  7    7  7  7  7  7  7  7  7  7  7   
299a   7  7  7  7  7  7  7  7  7  7    7  7  7  7  7  7  7  7  7  7    7  7  7  7  7  7  7  7  7  7    7  7  7  7  7  7  7  7  7  7   
299b   7  7  7  7  7  7  7  7  7  7    7  7  7  7  7  7  7  7  7  7    7  7  7  7  7  7  7  7  7  7    7  7  7  7  7  7  7  7  7  7   
300a   7  7  7  7  7  7  7  7  7  7    7  7  7  7  7  7  7  7  7  7    7  7  7  7  7  7  7  7  7  7    7  7  7  7  7  7  7  7  7  7   
300b   7  7  7  7  7  7  7  7  7  7    7  7  7  7  7  7  7  7  7  7    7  7  7  7  7  7  7  7  7  7    7  7  7  7  7  7  7  7  7  7   
301a   7  7  7  7  7  7  7  7  7  7    7  7  7  7  7  7  7  7  7  7    7  7  7  7  7  7  7  7  7  7    7  7  7  7  7  7  7  7  7  7   
301b   7  7  7  7  7  7  7  7  7  7    7  7  7  7  7  7  7  7  7  7    7  7  7  7  7  7  7  7  7  7    7  7  7  7  7  7  7  7  7  7   
302a   7  7  7  7  7  7  7  7  7  7    7  7  7  7  7  7  7  7  7  7    7  7  7  7  7  7  7  7  7  7    7  7  7  7  7  7  7  7  7  7   
302b   7  7  7  7  7  7  7  7  7  7    7  7  7  7  7  7  7  7  7  7    7  7  7  7  7  7  7  7  7  7    7  7  7  7  7  7  7  7  7  7   
303a   7  7  7  7  7  7  7  7  7  7    7  7  7  7  7  7  7  7  7  7    7  7  7  7  7  7  7  7  7  7    7  7  7  7  7  7  7  7  7  7   
303b   7  7  7  7  7  7  7  7  7  7    7  7  7  7  7  7  7  7  7  7    7  7  7  7  7  7  7  7  7  7    7  7  7  7  7  7  7  7  7  7   
304a   7  7  7  7  7  7  7  7  7  7    7  7  7  7  7  7  7  7  7  7    7  7  7  7  7  7  7  7  7  7    7  7  7  7  7  7  7  7  7  7   
304b   7  7  7  7  7  7  7  7  7  7    7  7  7  7  7  7  7  7  7  7    7  7  7  7  7  7  7  7  7  7    7  7  7  7  7  7  7  7  7  7   
305a   7  7  7  7  7  7  7  7  7  7    7  7  7  7  7  7  7  7  7  7    7  7  7  7  7  7  7  7  7  7    7  7  7  7  7  7  7  7  7  7   
305b   7  7  7  7  7  7  7  7  7  7    7  7  7  7  7  7  7  7  7  7    7  7  7  7  7  7  7  7  7  7    7  7  7  7  7  7  7  7  7  7   
306a   7  7  7  7  7  7  7  7  7  7    7  7  7  7  7  7  7  7  7  7    7  7  7  7  7  7  7  7  7  7    7  7  7  7  7  7  7  7  7  7   
306b   7  7  7  7  7  7  7  7  7  7    7  7  7  7  7  7  7  7  7  7    7  7  7  7  7  7  7  7  7  7    7  7  7  7  7  7  7  7  7  7   
307a   7  7  7  7  7  7  7  7  7  7    7  7  7  7  7  7  7  7  7  7    7  7  7  7  7  7  7  7  7  7    7  7  7  7  7  7  7  7  7  7   
307b   7  7  7  7  7  7  7  7  7  7    7  7  7  7  7  7  7  7  7  7    7  7  7  7  7  7  7  7  7  7    7  7  7  7  7  7  7  7  7  7   
308a   7  7  7  7  7  7  7  7  7  7    7  7  7  7  7  7  7  7  7  7    7  7  7  7  7  7  7  7  7  7    7  7  7  7  7  7  7  7  7  7   
308b   7  7  7  7  7  7  7  7  7  7    7  7  7  7  7  7  7  7  7  7    7  7  7  7  7  7  7  7  7  7    7  7  7  7  7  7  7  7  7  7   
309a   7  7  7  7  7  7  7  7  7  7    7  7  7  7  7  7  7  7  7  7    7  7  7  7  7  7  7  7  7  7    7  7  7  7  7  7  7  7  7  7   
309b   7  7  7  7  7  7  7  7  7  7    7  7  7  7  7  7  7  7  7  7    7  7  7  7  7  7  7  7  7  7    7  7  7  7  7  7  7  7  7  7   
310a   7  7  7  7  7  7  7  7  7  7    7  7  7  7  7  7  7  7  7  7    7  7  7  7  7  7  7  7  7  7    7  7  7  7  7  7  7  7  7  7   
310b   7  7  7  7  7  7  7  7  7  7    7  7  7  7  7  7  7  7  7  7    7  7  7  7  7  7  7  7  7  7    7  7  7  7  7  7  7  7  7  7   
311a   7  7  7  7  7  7  7  7  7  7    7  7  7  7  7  7  7  7  7  7    7  7  7  7  7  7  7  7  7  7    7  7  7  7  7  7  7  7  7  7   
311b   7  7  7  7  7  7  7  7  7  7    7  7  7  7  7  7  7  7  7  7    7  7  7  7  7  7  7  7  7  7    7  7  7  7  7  7  7  7  7  7   
312a   7  7  7  7  7  7  7  7  7  7    7  7  7  7  7  7  7  7  7  7    7  7  7  7  7  7  7  7  7  7    7  7  7  7  7  7  7  7  7  7   
312b   7  7  7  7  7  7  7  7  7  7    7  7  7  7  7  7  7  7  7  7    7  7  7  7  7  7  7  7  7  7    7  7  7  7  7  7  7  7  7  7   
313a   7  7  7  7  7  7  7  7  7  7    7  7  7  7  7  7  7  7  7  7    7  7  7  7  7  7  7  7  7  7    7  7  7  7  7  7  7  7  7  7   
313b   7  7  7  7  7  7  7  7  7  7    7  7  7  7  7  7  7  7  7  7    7  7  7  7  7  7  7  7  7  7    7  7  7  7  7  7  7  7  7  7   
314a   7  7  7  7  7  7  7  7  7  7    7  7  7  7  7  7  7  7  7  7    7  7  7  7  7  7  7  7  7  7    7  7  7  7  7  7  7  7  7  7   
314b   7  7  7  7  7  7  7  7  7  7    7  7  7  7  7  7  7  7  7  7    7  7  7  7  7  7  7  7  7  7    7  7  7  7  7  7  7  7  7  7   
315a   7  7  7  7  7  7  7  7  7  7    7  7  7  7  7  7  7  7  7  7    7  7  7  7  7  7  7  7  7  7    7  7  7  7  7  7  7  7  7  7   
315b   7  7  7  7  7  7  7  7  7  7    7  7  7  7  7  7  7  7  7  7    7  7  7  7  7  7  7  7  7  7    7  7  7  7  7  7  7  7  7  7   
316a   7  7  7  7  7  7  7  7  7  7    7  7  7  7  7  7  7  7  7  7    7  7  7  7  7  7  7  7  7  7    7  7  7  7  7  7  7  7  7  7   
316b   7  7  7  7  7  7  7  7  7  7    7  7  7  7  7  7  7  7  7  7    7  7  7  7  7  7  7  7  7  7    7  7  7  7  7  7  7  7  7  7   
317a   7  7  7  7  7  7  7  7  7  7    7  7  7  7  7  7  7  7  7  7    7  7  7  7  7  7  7  7  7  7    7  7  7  7  7  7  7  7  7  7   
317b   7  7  7  7  7  7  7  7  7  7    7  7  7  7  7  7  7  7  7  7    7  7  7  7  7  7  7  7  7  7    7  7  7  7  7  7  7  7  7  7   
318a   7  7  7  7  7  7  7  7  7  7    7  7  7  7  7  7  7  7  7  7    7  7  7  7  7  7  7  7  7  7    7  7  7  7  7  7  7  7  7  7   
318b   7  7  7  7  7  7  7  7  7  7    7  7  7  7  7  7  7  7  7  7    7  7  7  7  7  7  7  7  7  7    7  7  7  7  7  7  7  7  7  7   
319a   7  7  7  7  7  7  7  7  7  7    7  7  7  7  7  7  7  7  7  7    7  7  7  7  7  7  7  7  7  7    7  7  7  7  7  7  7  7  7  7   
319b   7  7  7  7  7  7  7  7  7  7    7  7  7  7  7  7  7  7  7  7    7  7  7  7  7  7  7  7  7  7    7  7  7  7  7  7  7  7  7  7   
320a   7  7  7  7  7  7  7  7  7  7    7  7  7  7  7  7  7  7  7  7    7  7  7  7  7  7  7  7  7  7    7  7  7  7  7  7  7  7  7  7   
320b   7  7  7  7  7  7  7  7  7  7    7  7  7  7  7  7  7  7  7  7    7  7  7  7  7  7  7  7  7  7    7  7  7  7  7  7  7  7  7  7   
321a   7  7  7  7  7  7  7  7  7  7    7  7  7  7  7  7  7  7  7  7    7  7  7  7  7  7  7  7  7  7    7  7  7  7  7  7  7  7  7  7   
321b   7  7  7  7  7  7  7  7  7  7    7  7  7  7  7  7  7  7  7  7    7  7  7  7  7  7  7  7  7  7    7  7  7  7  7  7  7  7  7  7   
322a   7  7  7  7  7  7  7  7  7  7    7  7  7  7  7  7  7  7  7  7    7  7  7  7  7  7  7  7  7  7    7  7  7  7  7  7  7  7  7  7   
322b   7  7  7  7  7  7  7  7  7  7    7  7  7  7  7  7  7  7  7  7    7  7  7  7  7  7  7  7  7  7    7  7  7  7  7  7  7  7  7  7   
323a   7  7  7  7  7  7  7  7  7  7    7  7  7  7  7  7  7  7  7  7    7  7  7  7  7  7  7  7  7  7    7  7  7  7  7  7  7  7  7  7   
323b   7  7  7  7  7  7  7  7  7  7    7  7  7  7  7  7  7  7  7  7    7  7  7  7  7  7  7  7  7  7    7  7  7  7  7  7  7  7  7  7   
324a   7  7  7  7  7  7  7  7  7  7    7  7  7  7  7  7  7  7  7  7    7  7  7  7  7  7  7  7  7  7    7  7  7  7  7  7  7  7  7  7   
324b   7  7  7  7  7  7  7  7  7  7    7  7  7  7  7  7  7  7  7  7    7  7  7  7  7  7  7  7  7  7    7  7  7  7  7  7  7  7  7  7   
325a   7  7  7  7  7  7  7  7  7  7    7  7  7  7  7  7  7  7  7  7    7  7  7  7  7  7  7  7  7  7    7  7  7  7  7  7  7  7  7  7   
325b   7  7  7  7  7  7  7  7  7  7    7  7  7  7  7  7  7  7  7  7    7  7  7  7  7  7  7  7  7  7    7  7  7  7  7  7  7  7  7  7   
326a   7  7  7  7  7  7  7  7  7  7    7  7  7  7  7  7  7  7  7  7    7  7  7  7  7  7  7  7  7  7    7  7  7  7  7  7  7  7  7  7   
326b   7  7  7  7  7  7  7  7  7  7    7  7  7  7  7  7  7  7  7  7    7  7  7  7  7  7  7  7  7  7    7  7  7  7  7  7  7  7  7  7   
327a   7  7  7  7  7  7  7  7  7  7    7  7  7  7  7  7  7  7  7  7    7  7  7  7  7  7  7  7  7  7    7  7  7  7  7  7  7  7  7  7   
327b   7  7  7  7  7  7  7  7  7  7    7  7  7  7  7  7  7  7  7  7    7  7  7  7  7  7  7  7  7  7    7  7  7  7  7  7  7  7  7  7   
328a   7  7  7  7  7  7  7  7  7  7    7  7  7  7  7  7  7  7  7  7    7  7  7  7  7  7  7  7  7  7    7  7  7  7  7  7  7  7  7  7   
328b   7  7  7  7  7  7  7  7  7  7    7  7  7  7  7  7  7  7  7  7    7  7  7  7  7  7  7  7  7  7    7  7  7  7  7  7  7  7  7  7   
329a   7  7  7  7  7  7  7  7  7  7    7  7  7  7  7  7  7  7  7  7    7  7  7  7  7  7  7  7  7  7    7  7  7  7  7  7  7  7  7  7   
329b   7  7  7  7  7  7  7  7  7  7    7  7  7  7  7  7  7  7  7  7    7  7  7  7  7  7  7  7  7  7    7  7  7  7  7  7  7  7  7  7   
330a   7  7  7  7  7  7  7  7  7  7    7  7  7  7  7  7  7  7  7  7    7  7  7  7  7  7  7  7  7  7    7  7  7  7  7  7  7  7  7  7   
330b   7  7  7  7  7  7  7  7  7  7    7  7  7  7  7  7  7  7  7  7    7  7  7  7  7  7  7  7  7  7    7  7  7  7  7  7  7  7  7  7   
331a   7  7  7  7  7  7  7  7  7  7    7  7  7  7  7  7  7  7  7  7    7  7  7  7  7  7  7  7  7  7    7  7  7  7  7  7  7  7  7  7   
331b   7  7  7  7  7  7  7  7  7  7    7  7  7  7  7  7  7  7  7  7    7  7  7  7  7  7  7  7  7  7    7  7  7  7  7  7  7  7  7  7   
332a   7  7  7  7  7  7  7  7  7  7    7  7  7  7  7  7  7  7  7  7    7  7  7  7  7  7  7  7  7  7    7  7  7  7  7  7  7  7  7  7   
332b   7  7  7  7  7  7  7  7  7  7    7  7  7  7  7  7  7  7  7  7    7  7  7  7  7  7  7  7  7  7    7  7  7  7  7  7  7  7  7  7   
333a   7  7  7  7  7  7  7  7  7  7    7  7  7  7  7  7  7  7  7  7    7  7  7  7  7  7  7  7  7  7    7  7  7  7  7  7  7  7  7  7   
333b   7  7  7  7  7  7  7  7  7  7    7  7  7  7  7  7  7  7  7  7    7  7  7  7  7  7  7  7  7  7    7  7  7  7  7  7  7  7  7  7   
334a   7  7  7  7  7  7  7  7  7  7    7  7  7  7  7  7  7  7  7  7    7  7  7  7  7  7  7  7  7  7    7  7  7  7  7  7  7  7  7  7   
334b   7  7  7  7  7  7  7  7  7  7    7  7  7  7  7  7  7  7  7  7    7  7  7  7  7  7  7  7  7  7    7  7  7  7  7  7  7  7  7  7   
335a   7  7  7  7  7  7  7  7  7  7    7  7  7  7  7  7  7  7  7  7    7  7  7  7  7  7  7  7  7  7    7  7  7  7  7  7  7  7  7  7   
335b   7  7  7  7  7  7  7  7  7  7    7  7  7  7  7  7  7  7  7  7    7  7  7  7  7  7  7  7  7  7    7  7  7  7  7  7  7  7  7  7   
336a   7  7  7  7  7  7  7  7  7  7    7  7  7  7  7  7  7  7  7  7    7  7  7  7  7  7  7  7  7  7    7  7  7  7  7  7  7  7  7  7   
336b   7  7  7  7  7  7  7  7  7  7    7  7  7  7  7  7  7  7  7  7    7  7  7  7  7  7  7  7  7  7    7  7  7  7  7  7  7  7  7  7   
