###    1  2  3  4  5  6  7  8  9 10   11 12 13 14 15 16 17 18 19 20   21 22 23 24 25 26 27 28 29 30   31 32 33 34 35 36 37 38 39 40
###   41 42 43 44 45 46 47 48 49 50   51 52 53 54 55 56 57 58 59 60   61 62 63 64 65 66 67 68 69 70   71 72 73 74 75 76 77 78 79 80
  1a   8  8  8  8  8  8  8  8  8  8    8  8  8  8  8  8  8  8  8  8    8  8  8  8  8  8  8  8  8  8    8  8  8  8  8  8  8  8  8  8
  1b   8  8  8  8  8  8  8  8  8  8    8  8  8  8  8  8  8  8  8  8    8  8  8  8  8  8  8  8  8  8    8  8  8  8  8  8  8  8  8  8
  2a   8  8  8  8  8  8  8  8  8  8    8  8  8  8  8  8  8  8  8  8    8  8  8  8  8  8  8  8  8  8    8  8  8  8  8  8  8  8  8  8
  2b   8  8  8  8  8  8  8  8  8  8    8  8  8  8  8  8  8  8  8  8    8  8  8  8  8  8  8  8  8  8    8  8  8  8  8  8  8  8  8  8
  3a   8  8  8  8  8  8  8  8  8  8    8  8  8  8  8  8  8  8  8  8    8  8  8  8  8  8  8  8  8  8    8  8  8  8  8  8  8  8  8  8
  3b   8  8  8  8  8  8  8  8  8  8    8  8  8  8  8  8  8  8  8  8    8  8  8  8  8  8  8  8  8  8    8  8  8  8  8  8  8  8  8  8
  4a   8  8  8  8  8  8  8  8  8  8    8  8  8  8  8  8  8  8  8  8    8  8  8  8  8  8  8  8  8  8    8  8  8  8  8  8  8  8  8  8
  4b   8  8  8  8  8  8  8  8  8  8    8  8  8  8  8  8  8  8  8  8    8  8  8  8  8  8  8  8  8  8    8  8  8  8  8  8  8  8  8  8
  5a   8  8  8  8  8  8  8  8  8  8    8  8  8  8  8  8  8  8  8  8    8  8  8  8  8  8  8  8  8  8    8  8  8  8  8  8  8  8  8  8
  5b   8  8  8  8  8  8  8  8  8  8    8  8  8  8  8  8  8  8  8  8    8  8  8  8  8  8  8  8  8  8    8  8  8  8  8  8  8  8  8  8
  6a   8  8  8  8  8  8  8  8  8  8    8  8  8  8  8  8  8  8  8  8    8  8  8  8  8  8  8  8  8  8    8  8  8  8  8  8  8  8  8  8
  6b   8  8  8  8  8  8  8  8  8  8    8  8  8  8  8  8  8  8  8  8    8  8  8  8  8  8  8  8  8  8    8  8  8  8  8  8  8  8  8  8
  7a   8  8  8  8  8  8  8  8  8  8    8  8  8  8  8  8  8  8  8  8    8  8  8  8  8  8  8  8  8  8    8  8  8  8  8  8  8  8  8  8
  7b   8  8  8  8  8  8  8  8  8  8    8  8  8  8  8  8  8  8  8  8    8  8  8  8  8  8  8  8  8  8    8  8  8  8  8  8  8  8  8  8
  8a   8  8  8  8  8  8  8  8  8  8    8  8  8  8  8  8  8  8  8  8    8  8  8  8  8  8  8  8  8  8    8  8  8  8  8  8  8  8  8  8
  8b   8  8  8  8  8  8  8  8  8  8    8  8  8  8  8  8  8  8  8  8    8  8  8  8  8  8  8  8  8  8    8  8  8  8  8  8  8  8  8  8
  9a   8  8  8  8  8  8  8  8  8  8    8  8  8  8  8  8  8  8  8  8    8  8  8  8  8  8  8  8  8  8    8  8  8  8  8  8  8  8  8  8
  9b   8  8  8  8  8  8  8  8  8  8    8  8  8  8  8  8  8  8  8  8    8  8  8  8  8  8  8  8  8  8    8  8  8  8  8  8  8  8  8  8
 10a   8  8  8  8  8  8  8  8  8  8    8  8  8  8  8  8  8  8  8  8    8  8  8  8  8  8  8  8  8  8    8  8  8  8  8  8  8  8  8  8
 10b   8  8  8  8  8  8  8  8  8  8    8  8  8  8  8  8  8  8  8  8    8  8  8  8  8  8  8  8  8  8    8  8  8  8  8  8  8  8  8  8
 11a   8  8  8  8  8  8  8  8  8  8    8  8  8  8  8  8  8  8  8  8    8  8  8  8  8  8  8  8  8  8    8  8  8  8  8  8  8  8  8  8
 11b   8  8  8  8  8  8  8  8  8  8    8  8  8  8  8  8  8  8  8  8    8  8  8  8  8  8  8  8  8  8    8  8  8  8  8  8  8  8  8  8
 12a   8  8  8  8  8  8  8  8  8  8    8  8  8  8  8  8  8  8  8  8    8  8  8  8  8  8  8  8  8  8    8  8  8  8  8  8  8  8  8  8
 12b   8  8  8  8  8  8  8  8  8  8    8  8  8  8  8  8  8  8  8  8    8  8  8  8  8  8  8  8  8  8    8  8  8  8  8  8  8  8  8  8
 13a   8  8  8  8  8  8  8  8  8  8    8  8  8  8  8  8  8  8  8  8    8  8  8  8  8  8  8  8  8  8    8  8  8  8  8  8  8  8  8  8
 13b   8  8  8  8  8  8  8  8  8  8    8  8  8  8  8  8  8  8  8  8    8  8  8  8  8  8  8  8  8  8    8  8  8  8  8  8  8  8  8  8
 14a   8  8  8  8  8  8  8  8  8  8    8  8  8  8  8  8  8  8  8  8    8  8  8  8  8  8  8  8  8  8    8  8  8  8  8  8  8  8  8  8
 14b   8  8  8  8  8  8  8  8  8  8    8  8  8  8  8  8  8  8  8  8    8  8  8  8  8  8  8  8  8  8    8  8  8  8  8  8  8  8  8  8
 15a   8  8  8  8  8  8  8  8  8  8    8  8  8  8  8  8  8  8  8  8    8  8  8  8  8  8  8  8  8  8    8  8  8  8  8  8  8  8  8  8
 15b   8  8  8  8  8  8  8  8  8  8    8  8  8  8  8  8  8  8  8  8    8  8  8  8  8  8  8  8  8  8    8  8  8  8  8  8  8  8  8  8
 16a   8  8  8  8  8  8  8  8  8  8    8  8  8  8  8  8  8  8  8  8    8  8  8  8  8  8  8  8  8  8    8  8  8  8  8  8  8  8  8  8
 16b   8  8  8  8  8  8  8  8  8  8    8  8  8  8  8  8  8  8  8  8    8  8  8  8  8  8  8  8  8  8    8  8  8  8  8  8  8  8  8  8
 17a   8  8  8  8  8  8  8  8  8  8    8  8  8  8  8  8  8  8  8  8    8  8  8  8  8  8  8  8  8  8    8  8  8  8  8  8  8  8  8  8
 17b   8  8  8  8  8  8  8  8  8  8    8  8  8  8  8  8  8  8  8  8    8  8  8  8  8  8  8  8  8  8    8  8  8  8  8  8  8  8  8  8
 18a   8  8  8  8  8  8  8  8  8  8    8  8  8  8  8  8  8  8  8  8    8  8  8  8  8  8  8  8  8  8    8  8  8  8  8  8  8  8  8  8
 18b   8  8  8  8  8  8  8  8  8  8    8  8  8  8  8  8  8  8  8  8    8  8  8  8  8  8  8  8  8  8    8  8  8  8  8  8  8  8  8  8
 19a   8  8  8  8  8  8  8  8  8  8    8  8  8  8  8  8  8  8  8  8    8  8  8  8  8  8  8  8  8  8    8  8  8  8  8  8  8  8  8  8
 19b   8  8  8  8  8  8  8  8  8  8    8  8  8  8  8  8  8  8  8  8    8  8  8  8  8  8  8  8  8  8    8  8  8  8  8  8  8  8  8  8
 20a   8  8  8  8  8  8  8  8  8  8    8  8  8  8  8  8  8  8  8  8    8  8  8  8  8  8  8  8  8  8    8  8  8  8  8  8  8  8  8  8
 20b   8  8  8  8  8  8  8  8  8  8    8  8  8  8  8  8  8  8  8  8    8  8  8  8  8  8  8  8  8  8    8  8  8  8  8  8  8  8  8  8
 21a   8  8  8  8  8  8  8  8  8  8    8  8  8  8  8  8  8  8  8  8    8  8  8  8  8  8  8  8  8  8    8  8  8  8  8  8  8  8  8  8
 21b   8  8  8  8  8  8  8  8  8  8    8  8  8  8  8  8  8  8  8  8    8  8  8  8  8  8  8  8  8  8    8  8  8  8  8  8  8  8  8  8
 22a   8  8  8  8  8  8  8  8  8  8    8  8  8  8  8  8  8  8  8  8    8  8  8  8  8  8  8  8  8  8    8  8  8  8  8  8  8  8  8  8
 22b   8  8  8  8  8  8  8  8  8  8    8  8  8  8  8  8  8  8  8  8    8  8  8  8  8  8  8  8  8  8    8  8  8  8  8  8  8  8  8  8
 23a   8  8  8  8  8  8  8  8  8  8    8  8  8  8  8  8  8  8  8  8    8  8  8  8  8  8  8  8  8  8    8  8  8  8  8  8  8  8  8  8
 23b   8  8  8  8  8  8  8  8  8  8    8  8  8  8  8  8  8  8  8  8    8  8  8  8  8  8  8  8  8  8    8  8  8  8  8  8  8  8  8  8
 24a   8  8  8  8  8  8  8  8  8  8    8  8  8  8  8  8  8  8  8  8    8  8  8  8  8  8  8  8  8  8    8  8  8  8  8  8  8  8  8  8
 24b   8  8  8  8  8  8  8  8  8  8    8  8  8  8  8  8  8  8  8  8    8  8  8  8  8  8  8  8  8  8    8  8  8  8  8  8  8  8  8  8
 25a   8  8  8  8  8  8  8  8  8  8    8  8  8  8  8  8  8  8  8  8    8  8  8  8  8  8  8  8  8  8    8  8  8  8  8  8  8  8  8  8
 25b   8  8  8  8  8  8  8  8  8  8    8  8  8  8  8  8  8  8  8  8    8  8  8  8  8  8  8  8  8  8    8  8  8  8  8  8  8  8  8  8
 26a   8  8  8  8  8  8  8  8  8  8    8  8  8  8  8  8  8  8  8  8    8  8  8  8  8  8  8  8  8  8    8  8  8  8  8  8  8  8  8  8
 26b   8  8  8  8  8  8  8  8  8  8    8  8  8  8  8  8  8  8  8  8    8  8  8  8  8  8  8  8  8  8    8  8  8  8  8  8  8  8  8  8
 27a   8  8  8  8  8  8  8  8  8  8    8  8  8  8  8  8  8  8  8  8    8  8  8  8  8  8  8  8  8  8    8  8  8  8  8  8  8  8  8  8
 27b   8  8  8  8  8  8  8  8  8  8    8  8  8  8  8  8  8  8  8  8    8  8  8  8  8  8  8  8  8  8    8  8  8  8  8  8  8  8  8  8
 28a   8  8  8  8  8  8  8  8  8  8    8  8  8  8  8  8  8  8  8  8    8  8  8  8  8  8  8  8  8  8    8  8  8  8  8  8  8  8  8  8
 28b   8  8  8  8  8  8  8  8  8  8    8  8  8  8  8  8  8  8  8  8    8  8  8  8  8  8  8  8  8  8    8  8  8  8  8  8  8  8  8  8
 29a   8  8  8  8  8  8  8  8  8  8    8  8  8  8  8  8  8  8  8  8    8  8  8  8  8  8  8  8  8  8    8  8  8  8  8  8  8  8  8  8
 29b   8  8  8  8  8  8  8  8  8  8    8  8  8  8  8  8  8  8  8  8    8  8  8  8  8  8  8  8  8  8    8  8  8  8  8  8  8  8  8  8
 30a   8  8  8  8  8  8  8  8  8  8    8  8  8  8  8  8  8  8  8  8    8  8  8  8  8  8  8  8  8  8    8  8  8  8  8  8  8  8  8  8
 30b   8  8  8  8  8  8  8  8  8  8    8  8  8  8  8  8  8  8  8  8    8  8  8  8  8  8  8  8  8  8    8  8  8  8  8  8  8  8  8  8
 31a   8  8  8  8  8  8  8  8  8  8    8  8  8  8  8  8  8  8  8  8    8  8  8  8  8  8  8  8  8  8    8  8  8  8  8  8  8  8  8  8
 31b   8  8  8  8  8  8  8  8  8  8    8  8  8  8  8  8  8  8  8  8    8  8  8  8  8  8  8  8  8  8    8  8  8  8  8  8  8  8  8  8
 32a   8  8  8  8  8  8  8  8  8  8    8  8  8  8  8  8  8  8  8  8    8  8  8  8  8  8  8  8  8  8    8  8  8  8  8  8  8  8  8  8
 32b   8  8  8  8  8  8  8  8  8  8    8  8  8  8  8  8  8  8  8  8    8  8  8  8  8  8  8  8  8  8    8  8  8  8  8  8  8  8  8  8
 33a   8  8  8  8  8  8  8  8  8  8    8  8  8  8  8  8  8  8  8  8    8  8  8  8  8  8  8  8  8  8    8  8  8  8  8  8  8  8  8  8
 33b   8  8  8  8  8  8  8  8  8  8    8  8  8  8  8  8  8  8  8  8    8  8  8  8  8  8  8  8  8  8    8  8  8  8  8  8  8  8  8  8
 34a   8  8  8  8  8  8  8  8  8  8    8  8  8  8  8  8  8  8  8  8    8  8  8  8  8  8  8  8  8  8    8  8  8  8  8  8  8  8  8  8
 34b   8  8  8  8  8  8  8  8  8  8    8  8  8  8  8  8  8  8  8  8    8  8  8  8  8  8  8  8  8  8    8  8  8  8  8  8  8  8  8  8
 35a   8  8  8  8  8  8  8  8  8  8    8  8  8  8  8  8  8  8  8  8    8  8  8  8  8  8  8  8  8  8    8  8  8  8  8  8  8  8  8  8
 35b   8  8  8  8  8  8  8  8  8  8    8  8  8  8  8  8  8  8  8  8    8  8  8  8  8  8  8  8  8  8    8  8  8  8  8  8  8  8  8  8
 36a   8  8  8  8  8  8  8  8  8  8    8  8  8  8  8  8  8  8  8  8    8  8  8  8  8  8  8  8  8  8    8  8  8  8  8  8  8  8  8  8
 36b   8  8  8  8  8  8  8  8  8  8    8  8  8  8  8  8  8  8  8  8    8  8  8  8  8  8  8  8  8  8    8  8  8  8  8  8  8  8  8  8
 37a   8  8  8  8  8  8  8  8  8  8    8  8  8  8  8  8  8  8  8  8    8  8  8  8  8  8  8  8  8  8    8  8  8  8  8  8  8  8  8  8
 37b   8  8  8  8  8  8  8  8  8  8    8  8  8  8  8  8  8  8  8  8    8  8  8  8  8  8  8  8  8  8    8  8  8  8  8  8  8  8  8  8
 38a   8  8  8  8  8  8  8  8  8  8    8  8  8  8  8  8  8  8  8  8    8  8  8  8  8  8  8  8  8  8    8  8  8  8  8  8  8  8  8  8
 38b   8  8  8  8  8  8  8  8  8  8    8  8  8  8  8  8  8  8  8  8    8  8  8  8  8  8  8  8  8  8    8  8  8  8  8  8  8  8  8  8
 39a   8  8  8  8  8  8  8  8  8  8    8  8  8  8  8  8  8  8  8  8    8  8  8  8  8  8  8  8  8  8    8  8  8  8  8  8  8  8  8  8
 39b   8  8  8  8  8  8  8  8  8  8    8  8  8  8  8  8  8  8  8  8    8  8  8  8  8  8  8  8  8  8    8  8  8  8  8  8  8  8  8  8
 40a   8  8  8  8  8  8  8  8  8  8    8  8  8  8  8  8  8  8  8  8    8  8  8  8  8  8  8  8  8  8    8  8  8  8  8  8  8  8  8  8
 40b   8  8  8  8  8  8  8  8  8  8    8  8  8  8  8  8  8  8  8  8    8  8  8  8  8  8  8  8  8  8    8  8  8  8  8  8  8  8  8  8
 41a   8  8  8  8  8  8  8  8  8  8    8  8  8  8  8  8  8  8  8  8    8  8  8  8  8  8  8  8  8  8    8  8  8  8  8  8  8  8  8  8
 41b   8  8  8  8  8  8  8  8  8  8    8  8  8  8  8  8  8  8  8  8    8  8  8  8  8  8  8  8  8  8    8  8  8  8  8  8  8  8  8  8
 42a   8  8  8  8  8  8  8  8  8  8    8  8  8  8  8  8  8  8  8  8    8  8  8  8  8  8  8  8  8  8    8  8  8  8  8  8  8  8  8  8
 42b   8  8  8  8  8  8  8  8  8  8    8  8  8  8  8  8  8  8  8  8    8  8  8  8  8  8  8  8  8  8    8  8  8  8  8  8  8  8  8  8
 43a   8  8  8  8  8  8  8  8  8  8    8  8  8  8  8  8  8  8  8  8    8  8  8  8  8  8  8  8  8  8    8  8  8  8  8  8  8  8  8  8
 43b   8  8  8  8  8  8  8  8  8  8    8  8  8  8  8  8  8  8  8  8    8  8  8  8  8  8  8  8  8  8    8  8  8  8  8  8  8  8  8  8
 44a   8  8  8  8  8  8  8  8  8  8    8  8  8  8  8  8  8  8  8  8    8  8  8  8  8  8  8  8  8  8    8  8  8  8  8  8  8  8  8  8
 44b   8  8  8  8  8  8  8  8  8  8    8  8  8  8  8  8  8  8  8  8    8  8  8  8  8  8  8  8  8  8    8  8  8  8  8  8  8  8  8  8
 45a   8  8  8  8  8  8  8  8  8  8    8  8  8  8  8  8  8  8  8  8    8  8  8  8  8  8  8  8  8  8    8  8  8  8  8  8  8  8  8  8
 45b   8  8  8  8  8  8  8  8  8  8    8  8  8  8  8  8  8  8  8  8    8  8  8  8  8  8  8  8  8  8    8  8  8  8  8  8  8  8  8  8
 46a   8  8  8  8  8  8  8  8  8  8    8  8  8  8  8  8  8  8  8  8    8  8  8  8  8  8  8  8  8  8    8  8  8  8  8  8  8  8  8  8
 46b   8  8  8  8  8  8  8  8  8  8    8  8  8  8  8  8  8  8  8  8    8  8  8  8  8  8  8  8  8  8    8  8  8  8  8  8  8  8  8  8
 47a   8  8  8  8  8  8  8  8  8  8    8  8  8  8  8  8  8  8  8  8    8  8  8  8  8  8  8  8  8  8    8  8  8  8  8  8  8  8  8  8
 47b   8  8  8  8  8  8  8  8  8  8    8  8  8  8  8  8  8  8  8  8    8  8  8  8  8  8  8  8  8  8    8  8  8  8  8  8  8  8  8  8
 48a   8  8  8  8  8  8  8  8  8  8    8  8  8  8  8  8  8  8  8  8    8  8  8  8  8  8  8  8  8  8    8  8  8  8  8  8  8  8  8  8
 48b   8  8  8  8  8  8  8  8  8  8    8  8  8  8  8  8  8  8  8  8    8  8  8  8  8  8  8  8  8  8    8  8  8  8  8  8  8  8  8  8
 49a   8  8  8  8  8  8  8  8  8  8    8  8  8  8  8  8  8  8  8  8    8  8  8  8  8  8  8  8  8  8    8  8  8  8  8  8  8  8  8  8
 49b   8  8  8  8  8  8  8  8  8  8    8  8  8  8  8  8  8  8  8  8    8  8  8  8  8  8  8  8  8  8    8  8  8  8  8  8  8  8  8  8
 50a   8  8  8  8  8  8  8  8  8  8    8  8  8  8  8  8  8  8  8  8    8  8  8  8  8  8  8  8  8  8    8  8  8  8  8  8  8  8  8  8
 50b   8  8  8  8  8  8  8  8  8  8    8  8  8  8  8  8  8  8  8  8    8  8  8  8  8  8  8  8  8  8    8  8  8  8  8  8  8  8  8  8
 51a   8  8  8  8  8  8  8  8  8  8    8  8  8  8  8  8  8  8  8  8    8  8  8  8  8  8  8  8  8  8    8  8  8  8  8  8  8  8  8  8
 51b   8  8  8  8  8  8  8  8  8  8    8  8  8  8  8  8  8  8  8  8    8  8  8  8  8  8  8  8  8  8    8  8  8  8  8  8  8  8  8  8
 52a   8  8  8  8  8  8  8  8  8  8    8  8  8  8  8  8  8  8  8  8    8  8  8  8  8  8  8  8  8  8    8  8  8  8  8  8  8  8  8  8
 52b   8  8  8  8  8  8  8  8  8  8    8  8  8  8  8  8  8  8  8  8    8  8  8  8  8  8  8  8  8  8    8  8  8  8  8  8  8  8  8  8
 53a   8  8  8  8  8  8  8  8  8  8    8  8  8  8  8  8  8  8  8  8    8  8  8  8  8  8  8  8  8  8    8  8  8  8  8  8  8  8  8  8
 53b   8  8  8  8  8  8  8  8  8  8    8  8  8  8  8  8  8  8  8  8    8  8  8  8  8  8  8  8  8  8    8  8  8  8  8  8  8  8  8  8
 54a   8  8  8  8  8  8  8  8  8  8    8  8  8  8  8  8  8  8  8  8    8  8  8  8  8  8  8  8  8  8    8  8  8  8  8  8  8  8  8  8
 54b   8  8  8  8  8  8  8  8  8  8    8  8  8  8  8  8  8  8  8  8    8  8  8  8  8  8  8  8  8  8    8  8  8  8  8  8  8  8  8  8
 55a   8  8  8  8  8  8  8  8  8  8    8  8  8  8  8  8  8  8  8  8    8  8  8  8  8  8  8  8  8  8    8  8  8  8  8  8  8  8  8  8
 55b   8  8  8  8  8  8  8  8  8  8    8  8  8  8  8  8  8  8  8  8    8  8  8  8  8  8  8  8  8  8    8  8  8  8  8  8  8  8  8  8
 56a   8  8  8  8  8  8  8  8  8  8    8  8  8  8  8  8  8  8  8  8    8  8  8  8  8  8  8  8  8  8    8  8  8  8  8  8  8  8  8  8
 56b   8  8  8  8  8  8  8  8  8  8    8  8  8  8  8  8  8  8  8  8    8  8  8  8  8  8  8  8  8  8    8  8  8  8  8  8  8  8  8  8
 57a   8  8  8  8  8  8  8  8  8  8    8  8  8  8  8  8  8  8  8  8    8  8  8  8  8  8  8  8  8  8    8  8  8  8  8  8  8  8  8  8
 57b   8  8  8  8  8  8  8  8  8  8    8  8  8  8  8  8  8  8  8  8    8  8  8  8  8  8  8  8  8  8    8  8  8  8  8  8  8  8  8  8
 58a   8  8  8  8  8  8  8  8  8  8    8  8  8  8  8  8  8  8  8  8    8  8  8  8  8  8  8  8  8  8    8  8  8  8  8  8  8  8  8  8
 58b   8  8  8  8  8  8  8  8  8  8    8  8  8  8  8  8  8  8  8  8    8  8  8  8  8  8  8  8  8  8    8  8  8  8  8  8  8  8  8  8
 59a   8  8  8  8  8  8  8  8  8  8    8  8  8  8  8  8  8  8  8  8    8  8  8  8  8  8  8  8  8  8    8  8  8  8  8  8  8  8  8  8
 59b   8  8  8  8  8  8  8  8  8  8    8  8  8  8  8  8  8  8  8  8    8  8  8  8  8  8  8  8  8  8    8  8  8  8  8  8  8  8  8  8
 60a   8  8  8  8  8  8  8  8  8  8    8  8  8  8  8  8  8  8  8  8    8  8  8  8  8  8  8  8  8  8    8  8  8  8  8  8  8  8  8  8
 60b   8  8  8  8  8  8  8  8  8  8    8  8  8  8  8  8  8  8  8  8    8  8  8  8  8  8  8  8  8  8    8  8  8  8  8  8  8  8  8  8
 61a   8  8  8  8  8  8  8  8  8  8    8  8  8  8  8  8  8  8  8  8    8  8  8  8  8  8  8  8  8  8    8  8  8  8  8  8  8  8  8  8
 61b   8  8  8  8  8  8  8  8  8  8    8  8  8  8  8  8  8  8  8  8    8  8  8  8  8  8  8  8  8  8    8  8  8  8  8  8  8  8  8  8
 62a   8  8  8  8  8  8  8  8  8  8    8  8  8  8  8  8  8  8  8  8    8  8  8  8  8  8  8  8  8  8    8  8  8  8  8  8  8  8  8  8
 62b   8  8  8  8  8  8  8  8  8  8    8  8  8  8  8  8  8  8  8  8    8  8  8  8  8  8  8  8  8  8    8  8  8  8  8  8  8  8  8  8
 63a   8  8  8  8  8  8  8  8  8  8    8  8  8  8  8  8  8  8  8  8    8  8  8  8  8  8  8  8  8  8    8  8  8  8  8  8  8  8  8  8
 63b   8  8  8  8  8  8  8  8  8  8    8  8  8  8  8  8  8  8  8  8    8  8  8  8  8  8  8  8  8  8    8  8  8  8  8  8  8  8  8  8
 64a   8  8  8  8  8  8  8  8  8  8    8  8  8  8  8  8  8  8  8  8    8  8  8  8  8  8  8  8  8  8    8  8  8  8  8  8  8  8  8  8
 64b   8  8  8  8  8  8  8  8  8  8    8  8  8  8  8  8  8  8  8  8    8  8  8  8  8  8  8  8  8  8    8  8  8  8  8  8  8  8  8  8
 65a   8  8  8  8  8  8  8  8  8  8    8  8  8  8  8  8  8  8  8  8    8  8  8  8  8  8  8  8  8  8    8  8  8  8  8  8  8  8  8  8
 65b   8  8  8  8  8  8  8  8  8  8    8  8  8  8  8  8  8  8  8  8    8  8  8  8  8  8  8  8  8  8    8  8  8  8  8  8  8  8  8  8
 66a   8  8  8  8  8  8  8  8  8  8    8  8  8  8  8  8  8  8  8  8    8  8  8  8  8  8  8  8  8  8    8  8  8  8  8  8  8  8  8  8
 66b   8  8  8  8  8  8  8  8  8  8    8  8  8  8  8  8  8  8  8  8    8  8  8  8  8  8  8  8  8  8    8  8  8  8  8  8  8  8  8  8
 67a   8  8  8  8  8  8  8  8  8  8    8  8  8  8  8  8  8  8  8  8    8  8  8  8  8  8  8  8  8  8    8  8  8  8  8  8  8  8  8  8
 67b   8  8  8  8  8  8  8  8  8  8    8  8  8  8  8  8  8  8  8  8    8  8  8  8  8  8  8  8  8  8    8  8  8  8  8  8  8  8  8  8
 68a   8  8  8  8  8  8  8  8  8  8    8  8  8  8  8  8  8  8  8  8    8  8  8  8  8  8  8  8  8  8    8  8  8  8  8  8  8  8  8  8
 68b   8  8  8  8  8  8  8  8  8  8    8  8  8  8  8  8  8  8  8  8    8  8  8  8  8  8  8  8  8  8    8  8  8  8  8  8  8  8  8  8
 69a   8  8  8  8  8  8  8  8  8  8    8  8  8  8  8  8  8  8  8  8    8  8  8  8  8  8  8  8  8  8    8  8  8  8  8  8  8  8  8  8
 69b   8  8  8  8  8  8  8  8  8  8    8  8  8  8  8  8  8  8  8  8    8  8  8  8  8  8  8  8  8  8    8  8  8  8  8  8  8  8  8  8
 70a   8  8  8  8  8  8  8  8  8  8    8  8  8  8  8  8  8  8  8  8    8  8  8  8  8  8  8  8  8  8    8  8  8  8  8  8  8  8  8  8
 70b   8  8  8  8  8  8  8  8  8  8    8  8  8  8  8  8  8  8  8  8    8  8  8  8  8  8  8  8  8  8    8  8  8  8  8  8  8  8  8  8
 71a   8  8  8  8  8  8  8  8  8  8    8  8  8  8  8  8  8  8  8  8    8  8  8  8  8  8  8  8  8  8    8  8  8  8  8  8  8  8  8  8
 71b   8  8  8  8  8  8  8  8  8  8    8  8  8  8  8  8  8  8  8  8    8  8  8  8  8  8  8  8  8  8    8  8  8  8  8  8  8  8  8  8
 72a   8  8  8  8  8  8  8  8  8  8    8  8  8  8  8  8  8  8  8  8    8  8  8  8  8  8  8  8  8  8    8  8  8  8  8  8  8  8  8  8
 72b   8  8  8  8  8  8  8  8  8  8    8  8  8  8  8  8  8  8  8  8    8  8  8  8  8  8  8  8  8  8    8  8  8  8  8  8  8  8  8  8
 73a   8  8  8  8  8  8  8  8  8  8    8  8  8  8  8  8  8  8  8  8    8  8  8  8  8  8  8  8  8  8    8  8  8  8  8  8  8  8  8  8
 73b   8  8  8  8  8  8  8  8  8  8    8  8  8  8  8  8  8  8  8  8    8  8  8  8  8  8  8  8  8  8    8  8  8  8  8  8  8  8  8  8
 74a   8  8  8  8  8  8  8  8  8  8    8  8  8  8  8  8  8  8  8  8    8  8  8  8  8  8  8  8  8  8    8  8  8  8  8  8  8  8  8  8
 74b   8  8  8  8  8  8  8  8  8  8    8  8  8  8  8  8  8  8  8  8    8  8  8  8  8  8  8  8  8  8    8  8  8  8  8  8  8  8  8  8
 75a   8  8  8  8  8  8  8  8  8  8    8  8  8  8  8  8  8  8  8  8    8  8  8  8  8  8  8  8  8  8    8  8  8  8  8  8  8  8  8  8
 75b   8  8  8  8  8  8  8  8  8  8    8  8  8  8  8  8  8  8  8  8    8  8  8  8  8  8  8  8  8  8    8  8  8  8  8  8  8  8  8  8
 76a   8  8  8  8  8  8  8  8  8  8    8  8  8  8  8  8  8  8  8  8    8  8  8  8  8  8  8  8  8  8    8  8  8  8  8  8  8  8  8  8
 76b   8  8  8  8  8  8  8  8  8  8    8  8  8  8  8  8  8  8  8  8    8  8  8  8  8  8  8  8  8  8    8  8  8  8  8  8  8  8  8  8
 77a   8  8  8  8  8  8  8  8  8  8    8  8  8  8  8  8  8  8  8  8    8  8  8  8  8  8  8  8  8  8    8  8  8  8  8  8  8  8  8  8
 77b   8  8  8  8  8  8  8  8  8  8    8  8  8  8  8  8  8  8  8  8    8  8  8  8  8  8  8  8  8  8    8  8  8  8  8  8  8  8  8  8
 78a   8  8  8  8  8  8  8  8  8  8    8  8  8  8  8  8  8  8  8  8    8  8  8  8  8  8  8  8  8  8    8  8  8  8  8  8  8  8  8  8
 78b   8  8  8  8  8  8  8  8  8  8    8  8  8  8  8  8  8  8  8  8    8  8  8  8  8  8  8  8  8  8    8  8  8  8  8  8  8  8  8  8
 79a   8  8  8  8  8  8  8  8  8  8    8  8  8  8  8  8  8  8  8  8    8  8  8  8  8  8  8  8  8  8    8  8  8  8  8  8  8  8  8  8
 79b   8  8  8  8  8  8  8  8  8  8    8  8  8  8  8  8  8  8  8  8    8  8  8  8  8  8  8  8  8  8    8  8  8  8  8  8  8  8  8  8
 80a   8  8  8  8  8  8  8  8  8  8    8  8  8  8  8  8  8  8  8  8    8  8  8  8  8  8  8  8  8  8    8  8  8  8  8  8  8  8  8  8
 80b   8  8  8  8  8  8  8  8  8  8    8  8  8  8  8  8  8  8  8  8    8  8  8  8  8  8  8  8  8  8    8  8  8  8  8  8  8  8  8  8
 81a   8  8  8  8  8  8  8  8  8  8    8  8  8  8  8  8  8  8  8  8    8  8  8  8  8  8  8  8  8  8    8  8  8  8  8  8  8  8  8  8
 81b   8  8  8  8  8  8  8  8  8  8    8  8  8  8  8  8  8  8  8  8    8  8  8  8  8  8  8  8  8  8    8  8  8  8  8  8  8  8  8  8
 82a   8  8  8  8  8  8  8  8  8  8    8  8  8  8  8  8  8  8  8  8    8  8  8  8  8  8  8  8  8  8    8  8  8  8  8  8  8  8  8  8
 82b   8  8  8  8  8  8  8  8  8  8    8  8  8  8  8  8  8  8  8  8    8  8  8  8  8  8  8  8  8  8    8  8  8  8  8  8  8  8  8  8
 83a   8  8  8  8  8  8  8  8  8  8    8  8  8  8  8  8  8  8  8  8    8  8  8  8  8  8  8  8  8  8    8  8  8  8  8  8  8  8  8  8
 83b   8  8  8  8  8  8  8  8  8  8    8  8  8  8  8  8  8  8  8  8    8  8  8  8  8  8  8  8  8  8    8  8  8  8  8  8  8  8  8  8
 84a   8  8  8  8  8  8  8  8  8  8    8  8  8  8  8  8  8  8  8  8    8  8  8  8  8  8  8  8  8  8    8  8  8  8  8  8  8  8  8  8
 84b   8  8  8  8  8  8  8  8  8  8    8  8  8  8  8  8  8  8  8  8    8  8  8  8  8  8  8  8  8  8    8  8  8  8  8  8  8  8  8  8
 85a   8  8  8  8  8  8  8  8  8  8    8  8  8  8  8  8  8  8  8  8    8  8  8  8  8  8  8  8  8  8    8  8  8  8  8  8  8  8  8  8
 85b   8  8  8  8  8  8  8  8  8  8    8  8  8  8  8  8  8  8  8  8    8  8  8  8  8  8  8  8  8  8    8  8  8  8  8  8  8  8  8  8
 86a   8  8  8  8  8  8  8  8  8  8    8  8  8  8  8  8  8  8  8  8    8  8  8  8  8  8  8  8  8  8    8  8  8  8  8  8  8  8  8  8
 86b   8  8  8  8  8  8  8  8  8  8    8  8  8  8  8  8  8  8  8  8    8  8  8  8  8  8  8  8  8  8    8  8  8  8  8  8  8  8  8  8
 87a   8  8  8  8  8  8  8  8  8  8    8  8  8  8  8  8  8  8  8  8    8  8  8  8  8  8  8  8  8  8    8  8  8  8  8  8  8  8  8  8
 87b   8  8  8  8  8  8  8  8  8  8    8  8  8  8  8  8  8  8  8  8    8  8  8  8  8  8  8  8  8  8    8  8  8  8  8  8  8  8  8  8
 88a   8  8  8  8  8  8  8  8  8  8    8  8  8  8  8  8  8  8  8  8    8  8  8  8  8  8  8  8  8  8    8  8  8  8  8  8  8  8  8  8
 88b   8  8  8  8  8  8  8  8  8  8    8  8  8  8  8  8  8  8  8  8    8  8  8  8  8  8  8  8  8  8    8  8  8  8  8  8  8  8  8  8
 89a   8  8  8  8  8  8  8  8  8  8    8  8  8  8  8  8  8  8  8  8    8  8  8  8  8  8  8  8  8  8    8  8  8  8  8  8  8  8  8  8
 89b   8  8  8  8  8  8  8  8  8  8    8  8  8  8  8  8  8  8  8  8    8  8  8  8  8  8  8  8  8  8    8  8  8  8  8  8  8  8  8  8
 90a   8  8  8  8  8  8  8  8  8  8    8  8  8  8  8  8  8  8  8  8    8  8  8  8  8  8  8  8  8  8    8  8  8  8  8  8  8  8  8  8
 90b   8  8  8  8  8  8  8  8  8  8    8  8  8  8  8  8  8  8  8  8    8  8  8  8  8  8  8  8  8  8    8  8  8  8  8  8  8  8  8  8
 91a   8  8  8  8  8  8  8  8  8  8    8  8  8  8  8  8  8  8  8  8    8  8  8  8  8  8  8  8  8  8    8  8  8  8  8  8  8  8  8  8
 91b   8  8  8  8  8  8  8  8  8  8    8  8  8  8  8  8  8  8  8  8    8  8  8  8  8  8  8  8  8  8    8  8  8  8  8  8  8  8  8  8
 92a   8  8  8  8  8  8  8  8  8  8    8  8  8  8  8  8  8  8  8  8    8  8  8  8  8  8  8  8  8  8    8  8  8  8  8  8  8  8  8  8
 92b   8  8  8  8  8  8  8  8  8  8    8  8  8  8  8  8  8  8  8  8    8  8  8  8  8  8  8  8  8  8    8  8  8  8  8  8  8  8  8  8
 93a   8  8  8  8  8  8  8  8  8  8    8  8  8  8  8  8  8  8  8  8    8  8  8  8  8  8  8  8  8  8    8  8  8  8  8  8  8  8  8  8
 93b   8  8  8  8  8  8  8  8  8  8    8  8  8  8  8  8  8  8  8  8    8  8  8  8  8  8  8  8  8  8    8  8  8  8  8  8  8  8  8  8
 94a   8  8  8  8  8  8  8  8  8  8    8  8  8  8  8  8  8  8  8  8    8  8  8  8  8  8  8  8  8  8    8  8  8  8  8  8  8  8  8  8
 94b   8  8  8  8  8  8  8  8  8  8    8  8  8  8  8  8  8  8  8  8    8  8  8  8  8  8  8  8  8  8    8  8  8  8  8  8  8  8  8  8
 95a   8  8  8  8  8  8  8  8  8  8    8  8  8  8  8  8  8  8  8  8    8  8  8  8  8  8  8  8  8  8    8  8  8  8  8  8  8  8  8  8
 95b   8  8  8  8  8  8  8  8  8  8    8  8  8  8  8  8  8  8  8  8    8  8  8  8  8  8  8  8  8  8    8  8  8  8  8  8  8  8  8  8
 96a   8  8  8  8  8  8  8  8  8  8    8  8  8  8  8  8  8  8  8  8    8  8  8  8  8  8  8  8  8  8    8  8  8  8  8  8  8  8  8  8
 96b   8  8  8  8  8  8  8  8  8  8    8  8  8  8  8  8  8  8  8  8    8  8  8  8  8  8  8  8  8  8    8  8  8  8  8  8  8  8  8  8
 97a   8  8  8  8  8  8  8  8  8  8    8  8  8  8  8  8  8  8  8  8    8  8  8  8  8  8  8  8  8  8    8  8  8  8  8  8  8  8  8  8
 97b   8  8  8  8  8  8  8  8  8  8    8  8  8  8  8  8  8  8  8  8    8  8  8  8  8  8  8  8  8  8    8  8  8  8  8  8  8  8  8  8
 98a   8  8  8  8  8  8  8  8  8  8    8  8  8  8  8  8  8  8  8  8    8  8  8  8  8  8  8  8  8  8    8  8  8  8  8  8  8  8  8  8
 98b   8  8  8  8  8  8  8  8  8  8    8  8  8  8  8  8  8  8  8  8    8  8  8  8  8  8  8  8  8  8    8  8  8  8  8  8  8  8  8  8
 99a   8  8  8  8  8  8  8  8  8  8    8  8  8  8  8  8  8  8  8  8    8  8  8  8  8  8  8  8  8  8    8  8  8  8  8  8  8  8  8  8
 99b   8  8  8  8  8  8  8  8  8  8    8  8  8  8  8  8  8  8  8  8    8  8  8  8  8  8  8  8  8  8    8  8  8  8  8  8  8  8  8  8
100a   8  8  8  8  8  8  8  8  8  8    8  8  8  8  8  8  8  8  8  8    8  8  8  8  8  8  8  8  8  8    8  8  8  8  8  8  8  8  8  8
100b   8  8  8  8  8  8  8  8  8  8    8  8  8  8  8  8  8  8  8  8    8  8  8  8  8  8  8  8  8  8    8  8  8  8  8  8  8  8  8  8
101a   8  8  8  8  8  8  8  8  8  8    8  8  8  8  8  8  8  8  8  8    8  8  8  8  8  8  8  8  8  8    8  8  8  8  8  8  8  8  8  8
101b   8  8  8  8  8  8  8  8  8  8    8  8  8  8  8  8  8  8  8  8    8  8  8  8  8  8  8  8  8  8    8  8  8  8  8  8  8  8  8  8
102a   8  8  8  8  8  8  8  8  8  8    8  8  8  8  8  8  8  8  8  8    8  8  8  8  8  8  8  8  8  8    8  8  8  8  8  8  8  8  8  8
102b   8  8  8  8  8  8  8  8  8  8    8  8  8  8  8  8  8  8  8  8    8  8  8  8  8  8  8  8  8  8    8  8  8  8  8  8  8  8  8  8
103a   8  8  8  8  8  8  8  8  8  8    8  8  8  8  8  8  8  8  8  8    8  8  8  8  8  8  8  8  8  8    8  8  8  8  8  8  8  8  8  8
103b   8  8  8  8  8  8  8  8  8  8    8  8  8  8  8  8  8  8  8  8    8  8  8  8  8  8  8  8  8  8    8  8  8  8  8  8  8  8  8  8
104a   8  8  8  8  8  8  8  8  8  8    8  8  8  8  8  8  8  8  8  8    8  8  8  8  8  8  8  8  8  8    8  8  8  8  8  8  8  8  8  8
104b   8  8  8  8  8  8  8  8  8  8    8  8  8  8  8  8  8  8  8  8    8  8  8  8  8  8  8  8  8  8    8  8  8  8  8  8  8  8  8  8
105a   8  8  8  8  8  8  8  8  8  8    8  8  8  8  8  8  8  8  8  8    8  8  8  8  8  8  8  8  8  8    8  8  8  8  8  8  8  8  8  8
105b   8  8  8  8  8  8  8  8  8  8    8  8  8  8  8  8  8  8  8  8    8  8  8  8  8  8  8  8  8  8    8  8  8  8  8  8  8  8  8  8
106a   8  8  8  8  8  8  8  8  8  8    8  8  8  8  8  8  8  8  8  8    8  8  8  8  8  8  8  8  8  8    8  8  8  8  8  8  8  8  8  8
106b   8  8  8  8  8  8  8  8  8  8    8  8  8  8  8  8  8  8  8  8    8  8  8  8  8  8  8  8  8  8    8  8  8  8  8  8  8  8  8  8
107a   8  8  8  8  8  8  8  8  8  8    8  8  8  8  8  8  8  8  8  8    8  8  8  8  8  8  8  8  8  8    8  8  8  8  8  8  8  8  8  8
107b   8  8  8  8  8  8  8  8  8  8    8  8  8  8  8  8  8  8  8  8    8  8  8  8  8  8  8  8  8  8    8  8  8  8  8  8  8  8  8  8
108a   8  8  8  8  8  8  8  8  8  8    8  8  8  8  8  8  8  8  8  8    8  8  8  8  8  8  8  8  8  8    8  8  8  8  8  8  8  8  8  8
108b   8  8  8  8  8  8  8  8  8  8    8  8  8  8  8  8  8  8  8  8    8  8  8  8  8  8  8  8  8  8    8  8  8  8  8  8  8  8  8  8
109a   8  8  8  8  8  8  8  8  8  8    8  8  8  8  8  8  8  8  8  8    8  8  8  8  8  8  8  8  8  8    8  8  8  8  8  8  8  8  8  8
109b   8  8  8  8  8  8  8  8  8  8    8  8  8  8  8  8  8  8  8  8    8  8  8  8  8  8  8  8  8  8    8  8  8  8  8  8  8  8  8  8
110a   8  8  8  8  8  8  8  8  8  8    8  8  8  8  8  8  8  8  8  8    8  8  8  8  8  8  8  8  8  8    8  8  8  8  8  8  8  8  8  8
110b   8  8  8  8  8  8  8  8  8  8    8  8  8  8  8  8  8  8  8  8    8  8  8  8  8  8  8  8  8  8    8  8  8  8  8  8  8  8  8  8
111a   8  8  8  8  8  8  8  8  8  8    8  8  8  8  8  8  8  8  8  8    8  8  8  8  8  8  8  8  8  8    8  8  8  8  8  8  8  8  8  8
111b   8  8  8  8  8  8  8  8  8  8    8  8  8  8  8  8  8  8  8  8    8  8  8  8  8  8  8  8  8  8    8  8  8  8  8  8  8  8  8  8
112a   8  8  8  8  8  8  8  8  8  8    8  8  8  8  8  8  8  8  8  8    8  8  8  8  8  8  8  8  8  8    8  8  8  8  8  8  8  8  8  8
112b   8  8  8  8  8  8  8  8  8  8    8  8  8  8  8  8  8  8  8  8    8  8  8  8  8  8  8  8  8  8    8  8  8  8  8  8  8  8  8  8
113a   8  8  8  8  8  8  8  8  8  8    8  8  8  8  8  8  8  8  8  8    8  8  8  8  8  8  8  8  8  8    8  8  8  8  8  8  8  8  8  8
113b   8  8  8  8  8  8  8  8  8  8    8  8  8  8  8  8  8  8  8  8    8  8  8  8  8  8  8  8  8  8    8  8  8  8  8  8  8  8  8  8
114a   8  8  8  8  8  8  8  8  8  8    8  8  8  8  8  8  8  8  8  8    8  8  8  8  8  8  8  8  8  8    8  8  8  8  8  8  8  8  8  8
114b   8  8  8  8  8  8  8  8  8  8    8  8  8  8  8  8  8  8  8  8    8  8  8  8  8  8  8  8  8  8    8  8  8  8  8  8  8  8  8  8
115a   8  8  8  8  8  8  8  8  8  8    8  8  8  8  8  8  8  8  8  8    8  8  8  8  8  8  8  8  8  8    8  8  8  8  8  8  8  8  8  8
115b   8  8  8  8  8  8  8  8  8  8    8  8  8  8  8  8  8  8  8  8    8  8  8  8  8  8  8  8  8  8    8  8  8  8  8  8  8  8  8  8
116a   8  8  8  8  8  8  8  8  8  8    8  8  8  8  8  8  8  8  8  8    8  8  8  8  8  8  8  8  8  8    8  8  8  8  8  8  8  8  8  8
116b   8  8  8  8  8  8  8  8  8  8    8  8  8  8  8  8  8  8  8  8    8  8  8  8  8  8  8  8  8  8    8  8  8  8  8  8  8  8  8  8
117a   8  8  8  8  8  8  8  8  8  8    8  8  8  8  8  8  8  8  8  8    8  8  8  8  8  8  8  8  8  8    8  8  8  8  8  8  8  8  8  8
117b   8  8  8  8  8  8  8  8  8  8    8  8  8  8  8  8  8  8  8  8    8  8  8  8  8  8  8  8  8  8    8  8  8  8  8  8  8  8  8  8
118a   8  8  8  8  8  8  8  8  8  8    8  8  8  8  8  8  8  8  8  8    8  8  8  8  8  8  8  8  8  8    8  8  8  8  8  8  8  8  8  8
118b   8  8  8  8  8  8  8  8  8  8    8  8  8  8  8  8  8  8  8  8    8  8  8  8  8  8  8  8  8  8    8  8  8  8  8  8  8  8  8  8
119a   8  8  8  8  8  8  8  8  8  8    8  8  8  8  8  8  8  8  8  8    8  8  8  8  8  8  8  8  8  8    8  8  8  8  8  8  8  8  8  8
119b   8  8  8  8  8  8  8  8  8  8    8  8  8  8  8  8  8  8  8  8    8  8  8  8  8  8  8  8  8  8    8  8  8  8  8  8  8  8  8  8
120a   8  8  8  8  8  8  8  8  8  8    8  8  8  8  8  8  8  8  8  8    8  8  8  8  8  8  8  8  8  8    8  8  8  8  8  8  8  8  8  8
120b   8  8  8  8  8  8  8  8  8  8    8  8  8  8  8  8  8  8  8  8    8  8  8  8  8  8  8  8  8  8    8  8  8  8  8  8  8  8  8  8
121a   8  8  8  8  8  8  8  8  8  8    8  8  8  8  8  8  8  8  8  8    8  8  8  8  8  8  8  8  8  8    8  8  8  8  8  8  8  8  8  8
121b   8  8  8  8  8  8  8  8  8  8    8  8  8  8  8  8  8  8  8  8    8  8  8  8  8  8  8  8  8  8    8  8  8  8  8  8  8  8  8  8
122a   8  8  8  8  8  8  8  8  8  8    8  8  8  8  8  8  8  8  8  8    8  8  8  8  8  8  8  8  8  8    8  8  8  8  8  8  8  8  8  8
122b   8  8  8  8  8  8  8  8  8  8    8  8  8  8  8  8  8  8  8  8    8  8  8  8  8  8  8  8  8  8    8  8  8  8  8  8  8  8  8  8
123a   8  8  8  8  8  8  8  8  8  8    8  8  8  8  8  8  8  8  8  8    8  8  8  8  8  8  8  8  8  8    8  8  8  8  8  8  8  8  8  8
123b   8  8  8  8  8  8  8  8  8  8    8  8  8  8  8  8  8  8  8  8    8  8  8  8  8  8  8  8  8  8    8  8  8  8  8  8  8  8  8  8
124a   8  8  8  8  8  8  8  8  8  8    8  8  8  8  8  8  8  8  8  8    8  8  8  8  8  8  8  8  8  8    8  8  8  8  8  8  8  8  8  8
124b   8  8  8  8  8  8  8  8  8  8    8  8  8  8  8  8  8  8  8  8    8  8  8  8  8  8  8  8  8  8    8  8  8  8  8  8  8  8  8  8
125a   8  8  8  8  8  8  8  8  8  8    8  8  8  8  8  8  8  8  8  8    8  8  8  8  8  8  8  8  8  8    8  8  8  8  8  8  8  8  8  8
125b   8  8  8  8  8  8  8  8  8  8    8  8  8  8  8  8  8  8  8  8    8  8  8  8  8  8  8  8  8  8    8  8  8  8  8  8  8  8  8  8
126a   8  8  8  8  8  8  8  8  8  8    8  8  8  8  8  8  8  8  8  8    8  8  8  8  8  8  8  8  8  8    8  8  8  8  8  8  8  8  8  8
126b   8  8  8  8  8  8  8  8  8  8    8  8  8  8  8  8  8  8  8  8    8  8  8  8  8  8  8  8  8  8    8  8  8  8  8  8  8  8  8  8
127a   8  8  8  8  8  8  8  8  8  8    8  8  8  8  8  8  8  8  8  8    8  8  8  8  8  8  8  8  8  8    8  8  8  8  8  8  8  8  8  8
127b   8  8  8  8  8  8  8  8  8  8    8  8  8  8  8  8  8  8  8  8    8  8  8  8  8  8  8  8  8  8    8  8  8  8  8  8  8  8  8  8
128a   8  8  8  8  8  8  8  8  8  8    8  8  8  8  8  8  8  8  8  8    8  8  8  8  8  8  8  8  8  8    8  8  8  8  8  8  8  8  8  8
128b   8  8  8  8  8  8  8  8  8  8    8  8  8  8  8  8  8  8  8  8    8  8  8  8  8  8  8  8  8  8    8  8  8  8  8  8  8  8  8  8
129a   8  8  8  8  8  8  8  8  8  8    8  8  8  8  8  8  8  8  8  8    8  8  8  8  8  8  8  8  8  8    8  8  8  8  8  8  8  8  8  8
129b   8  8  8  8  8  8  8  8  8  8    8  8  8  8  8  8  8  8  8  8    8  8  8  8  8  8  8  8  8  8    8  8  8  8  8  8  8  8  8  8
130a   8  8  8  8  8  8  8  8  8  8    8  8  8  8  8  8  8  8  8  8    8  8  8  8  8  8  8  8  8  8    8  8  8  8  8  8  8  8  8  8
130b   8  8  8  8  8  8  8  8  8  8    8  8  8  8  8  8  8  8  8  8    8  8  8  8  8  8  8  8  8  8    8  8  8  8  8  8  8  8  8  8
131a   8  8  8  8  8  8  8  8  8  8    8  8  8  8  8  8  8  8  8  8    8  8  8  8  8  8  8  8  8  8    8  8  8  8  8  8  8  8  8  8
131b   8  8  8  8  8  8  8  8  8  8    8  8  8  8  8  8  8  8  8  8    8  8  8  8  8  8  8  8  8  8    8  8  8  8  8  8  8  8  8  8
132a   8  8  8  8  8  8  8  8  8  8    8  8  8  8  8  8  8  8  8  8    8  8  8  8  8  8  8  8  8  8    8  8  8  8  8  8  8  8  8  8
132b   8  8  8  8  8  8  8  8  8  8    8  8  8  8  8  8  8  8  8  8    8  8  8  8  8  8  8  8  8  8    8  8  8  8  8  8  8  8  8  8
133a   8  8  8  8  8  8  8  8  8  8    8  8  8  8  8  8  8  8  8  8    8  8  8  8  8  8  8  8  8  8    8  8  8  8  8  8  8  8  8  8
133b   8  8  8  8  8  8  8  8  8  8    8  8  8  8  8  8  8  8  8  8    8  8  8  8  8  8  8  8  8  8    8  8  8  8  8  8  8  8  8  8
134a   8  8  8  8  8  8  8  8  8  8    8  8  8  8  8  8  8  8  8  8    8  8  8  8  8  8  8  8  8  8    8  8  8  8  8  8  8  8  8  8
134b   8  8  8  8  8  8  8  8  8  8    8  8  8  8  8  8  8  8  8  8    8  8  8  8  8  8  8  8  8  8    8  8  8  8  8  8  8  8  8  8
135a   8  8  8  8  8  8  8  8  8  8    8  8  8  8  8  8  8  8  8  8    8  8  8  8  8  8  8  8  8  8    8  8  8  8  8  8  8  8  8  8
135b   8  8  8  8  8  8  8  8  8  8    8  8  8  8  8  8  8  8  8  8    8  8  8  8  8  8  8  8  8  8    8  8  8  8  8  8  8  8  8  8
136a   8  8  8  8  8  8  8  8  8  8    8  8  8  8  8  8  8  8  8  8    8  8  8  8  8  8  8  8  8  8    8  8  8  8  8  8  8  8  8  8
136b   8  8  8  8  8  8  8  8  8  8    8  8  8  8  8  8  8  8  8  8    8  8  8  8  8  8  8  8  8  8    8  8  8  8  8  8  8  8  8  8
137a   8  8  8  8  8  8  8  8  8  8    8  8  8  8  8  8  8  8  8  8    8  8  8  8  8  8  8  8  8  8    8  8  8  8  8  8  8  8  8  8
137b   8  8  8  8  8  8  8  8  8  8    8  8  8  8  8  8  8  8  8  8    8  8  8  8  8  8  8  8  8  8    8  8  8  8  8  8  8  8  8  8
138a   8  8  8  8  8  8  8  8  8  8    8  8  8  8  8  8  8  8  8  8    8  8  8  8  8  8  8  8  8  8    8  8  8  8  8  8  8  8  8  8
138b   8  8  8  8  8  8  8  8  8  8    8  8  8  8  8  8  8  8  8  8    8  8  8  8  8  8  8  8  8  8    8  8  8  8  8  8  8  8  8  8
139a   8  8  8  8  8  8  8  8  8  8    8  8  8  8  8  8  8  8  8  8    8  8  8  8  8  8  8  8  8  8    8  8  8  8  8  8  8  8  8  8
139b   8  8  8  8  8  8  8  8  8  8    8  8  8  8  8  8  8  8  8  8    8  8  8  8  8  8  8  8  8  8    8  8  8  8  8  8  8  8  8  8
140a   8  8  8  8  8  8  8  8  8  8    8  8  8  8  8  8  8  8  8  8    8  8  8  8  8  8  8  8  8  8    8  8  8  8  8  8  8  8  8  8
140b   8  8  8  8  8  8  8  8  8  8    8  8  8  8  8  8  8  8  8  8    8  8  8  8  8  8  8  8  8  8    8  8  8  8  8  8  8  8  8  8
141a   8  8  8  8  8  8  8  8  8  8    8  8  8  8  8  8  8  8  8  8    8  8  8  8  8  8  8  8  8  8    8  8  8  8  8  8  8  8  8  8
141b   8  8  8  8  8  8  8  8  8  8    8  8  8  8  8  8  8  8  8  8    8  8  8  8  8  8  8  8  8  8    8  8  8  8  8  8  8  8  8  8
142a   8  8  8  8  8  8  8  8  8  8    8  8  8  8  8  8  8  8  8  8    8  8  8  8  8  8  8  8  8  8    8  8  8  8  8  8  8  8  8  8
142b   8  8  8  8  8  8  8  8  8  8    8  8  8  8  8  8  8  8  8  8    8  8  8  8  8  8  8  8  8  8    8  8  8  8  8  8  8  8  8  8
143a   8  8  8  8  8  8  8  8  8  8    8  8  8  8  8  8  8  8  8  8    8  8  8  8  8  8  8  8  8  8    8  8  8  8  8  8  8  8  8  8
143b   8  8  8  8  8  8  8  8  8  8    8  8  8  8  8  8  8  8  8  8    8  8  8  8  8  8  8  8  8  8    8  8  8  8  8  8  8  8  8  8
144a   8  8  8  8  8  8  8  8  8  8    8  8  8  8  8  8  8  8  8  8    8  8  8  8  8  8  8  8  8  8    8  8  8  8  8  8  8  8  8  8
144b   8  8  8  8  8  8  8  8  8  8    8  8  8  8  8  8  8  8  8  8    8  8  8  8  8  8  8  8  8  8    8  8  8  8  8  8  8  8  8  8
145a   8  8  8  8  8  8  8  8  8  8    8  8  8  8  8  8  8  8  8  8    8  8  8  8  8  8  8  8  8  8    8  8  8  8  8  8  8  8  8  8
145b   8  8  8  8  8  8  8  8  8  8    8  8  8  8  8  8  8  8  8  8    8  8  8  8  8  8  8  8  8  8    8  8  8  8  8  8  8  8  8  8
146a   8  8  8  8  8  8  8  8  8  8    8  8  8  8  8  8  8  8  8  8    8  8  8  8  8  8  8  8  8  8    8  8  8  8  8  8  8  8  8  8
146b   8  8  8  8  8  8  8  8  8  8    8  8  8  8  8  8  8  8  8  8    8  8  8  8  8  8  8  8  8  8    8  8  8  8  8  8  8  8  8  8
147a   8  8  8  8  8  8  8  8  8  8    8  8  8  8  8  8  8  8  8  8    8  8  8  8  8  8  8  8  8  8    8  8  8  8  8  8  8  8  8  8
147b   8  8  8  8  8  8  8  8  8  8    8  8  8  8  8  8  8  8  8  8    8  8  8  8  8  8  8  8  8  8    8  8  8  8  8  8  8  8  8  8
148a   8  8  8  8  8  8  8  8  8  8    8  8  8  8  8  8  8  8  8  8    8  8  8  8  8  8  8  8  8  8    8  8  8  8  8  8  8  8  8  8
148b   8  8  8  8  8  8  8  8  8  8    8  8  8  8  8  8  8  8  8  8    8  8  8  8  8  8  8  8  8  8    8  8  8  8  8  8  8  8  8  8
149a   8  8  8  8  8  8  8  8  8  8    8  8  8  8  8  8  8  8  8  8    8  8  8  8  8  8  8  8  8  8    8  8  8  8  8  8  8  8  8  8
149b   8  8  8  8  8  8  8  8  8  8    8  8  8  8  8  8  8  8  8  8    8  8  8  8  8  8  8  8  8  8    8  8  8  8  8  8  8  8  8  8
150a   8  8  8  8  8  8  8  8  8  8    8  8  8  8  8  8  8  8  8  8    8  8  8  8  8  8  8  8  8  8    8  8  8  8  8  8  8  8  8  8
150b   8  8  8  8  8  8  8  8  8  8    8  8  8  8  8  8  8  8  8  8    8  8  8  8  8  8  8  8  8  8    8  8  8  8  8  8  8  8  8  8
151a   8  8  8  8  8  8  8  8  8  8    8  8  8  8  8  8  8  8  8  8    8  8  8  8  8  8  8  8  8  8    8  8  8  8  8  8  8  8  8  8
151b   8  8  8  8  8  8  8  8  8  8    8  8  8  8  8  8  8  8  8  8    8  8  8  8  8  8  8  8  8  8    8  8  8  8  8  8  8  8  8  8
152a   8  8  8  8  8  8  8  8  8  8    8  8  8  8  8  8  8  8  8  8    8  8  8  8  8  8  8  8  8  8    8  8  8  8  8  8  8  8  8  8
152b   8  8  8  8  8  8  8  8  8  8    8  8  8  8  8  8  8  8  8  8    8  8  8  8  8  8  8  8  8  8    8  8  8  8  8  8  8  8  8  8
153a   8  8  8  8  8  8  8  8  8  8    8  8  8  8  8  8  8  8  8  8    8  8  8  8  8  8  8  8  8  8    8  8  8  8  8  8  8  8  8  8
153b   8  8  8  8  8  8  8  8  8  8    8  8  8  8  8  8  8  8  8  8    8  8  8  8  8  8  8  8  8  8    8  8  8  8  8  8  8  8  8  8
154a   8  8  8  8  8  8  8  8  8  8    8  8  8  8  8  8  8  8  8  8    8  8  8  8  8  8  8  8  8  8    8  8  8  8  8  8  8  8  8  8
154b   8  8  8  8  8  8  8  8  8  8    8  8  8  8  8  8  8  8  8  8    8  8  8  8  8  8  8  8  8  8    8  8  8  8  8  8  8  8  8  8
155a   8  8  8  8  8  8  8  8  8  8    8  8  8  8  8  8  8  8  8  8    8  8  8  8  8  8  8  8  8  8    8  8  8  8  8  8  8  8  8  8
155b   8  8  8  8  8  8  8  8  8  8    8  8  8  8  8  8  8  8  8  8    8  8  8  8  8  8  8  8  8  8    8  8  8  8  8  8  8  8  8  8
156a   8  8  8  8  8  8  8  8  8  8    8  8  8  8  8  8  8  8  8  8    8  8  8  8  8  8  8  8  8  8    8  8  8  8  8  8  8  8  8  8
156b   8  8  8  8  8  8  8  8  8  8    8  8  8  8  8  8  8  8  8  8    8  8  8  8  8  8  8  8  8  8    8  8  8  8  8  8  8  8  8  8
157a   8  8  8  8  8  8  8  8  8  8    8  8  8  8  8  8  8  8  8  8    8  8  8  8  8  8  8  8  8  8    8  8  8  8  8  8  8  8  8  8
157b   8  8  8  8  8  8  8  8  8  8    8  8  8  8  8  8  8  8  8  8    8  8  8  8  8  8  8  8  8  8    8  8  8  8  8  8  8  8  8  8
158a   8  8  8  8  8  8  8  8  8  8    8  8  8  8  8  8  8  8  8  8    8  8  8  8  8  8  8  8  8  8    8  8  8  8  8  8  8  8  8  8
158b   8  8  8  8  8  8  8  8  8  8    8  8  8  8  8  8  8  8  8  8    8  8  8  8  8  8  8  8  8  8    8  8  8  8  8  8  8  8  8  8
159a   8  8  8  8  8  8  8  8  8  8    8  8  8  8  8  8  8  8  8  8    8  8  8  8  8  8  8  8  8  8    8  8  8  8  8  8  8  8  8  8
159b   8  8  8  8  8  8  8  8  8  8    8  8  8  8  8  8  8  8  8  8    8  8  8  8  8  8  8  8  8  8    8  8  8  8  8  8  8  8  8  8
160a   8  8  8  8  8  8  8  8  8  8    8  8  8  8  8  8  8  8  8  8    8  8  8  8  8  8  8  8  8  8    8  8  8  8  8  8  8  8  8  8
160b   8  8  8  8  8  8  8  8  8  8    8  8  8  8  8  8  8  8  8  8    8  8  8  8  8  8  8  8  8  8    8  8  8  8  8  8  8  8  8  8
161a   8  8  8  8  8  8  8  8  8  8    8  8  8  8  8  8  8  8  8  8    8  8  8  8  8  8  8  8  8  8    8  8  8  8  8  8  8  8  8  8
161b   8  8  8  8  8  8  8  8  8  8    8  8  8  8  8  8  8  8  8  8    8  8  8  8  8  8  8  8  8  8    8  8  8  8  8  8  8  8  8  8
162a   8  8  8  8  8  8  8  8  8  8    8  8  8  8  8  8  8  8  8  8    8  8  8  8  8  8  8  8  8  8    8  8  8  8  8  8  8  8  8  8
162b   8  8  8  8  8  8  8  8  8  8    8  8  8  8  8  8  8  8  8  8    8  8  8  8  8  8  8  8  8  8    8  8  8  8  8  8  8  8  8  8
163a   8  8  8  8  8  8  8  8  8  8    8  8  8  8  8  8  8  8  8  8    8  8  8  8  8  8  8  8  8  8    8  8  8  8  8  8  8  8  8  8
163b   8  8  8  8  8  8  8  8  8  8    8  8  8  8  8  8  8  8  8  8    8  8  8  8  8  8  8  8  8  8    8  8  8  8  8  8  8  8  8  8
164a   8  8  8  8  8  8  8  8  8  8    8  8  8  8  8  8  8  8  8  8    8  8  8  8  8  8  8  8  8  8    8  8  8  8  8  8  8  8  8  8
164b   8  8  8  8  8  8  8  8  8  8    8  8  8  8  8  8  8  8  8  8    8  8  8  8  8  8  8  8  8  8    8  8  8  8  8  8  8  8  8  8
165a   8  8  8  8  8  8  8  8  8  8    8  8  8  8  8  8  8  8  8  8    8  8  8  8  8  8  8  8  8  8    8  8  8  8  8  8  8  8  8  8
165b   8  8  8  8  8  8  8  8  8  8    8  8  8  8  8  8  8  8  8  8    8  8  8  8  8  8  8  8  8  8    8  8  8  8  8  8  8  8  8  8
166a   8  8  8  8  8  8  8  8  8  8    8  8  8  8  8  8  8  8  8  8    8  8  8  8  8  8  8  8  8  8    8  8  8  8  8  8  8  8  8  8
166b   8  8  8  8  8  8  8  8  8  8    8  8  8  8  8  8  8  8  8  8    8  8  8  8  8  8  8  8  8  8    8  8  8  8  8  8  8  8  8  8
167a   8  8  8  8  8  8  8  8  8  8    8  8  8  8  8  8  8  8  8  8    8  8  8  8  8  8  8  8  8  8    8  8  8  8  8  8  8  8  8  8
167b   8  8  8  8  8  8  8  8  8  8    8  8  8  8  8  8  8  8  8  8    8  8  8  8  8  8  8  8  8  8    8  8  8  8  8  8  8  8  8  8
168a   8  8  8  8  8  8  8  8  8  8    8  8  8  8  8  8  8  8  8  8    8  8  8  8  8  8  8  8  8  8    8  8  8  8  8  8  8  8  8  8
168b   8  8  8  8  8  8  8  8  8  8    8  8  8  8  8  8  8  8  8  8    8  8  8  8  8  8  8  8  8  8    8  8  8  8  8  8  8  8  8  8
169a   8  8  8  8  8  8  8  8  8  8    8  8  8  8  8  8  8  8  8  8    8  8  8  8  8  8  8  8  8  8    8  8  8  8  8  8  8  8  8  8
169b   8  8  8  8  8  8  8  8  8  8    8  8  8  8  8  8  8  8  8  8    8  8  8  8  8  8  8  8  8  8    8  8  8  8  8  8  8  8  8  8
170a   8  8  8  8  8  8  8  8  8  8    8  8  8  8  8  8  8  8  8  8    8  8  8  8  8  8  8  8  8  8    8  8  8  8  8  8  8  8  8  8
170b   8  8  8  8  8  8  8  8  8  8    8  8  8  8  8  8  8  8  8  8    8  8  8  8  8  8  8  8  8  8    8  8  8  8  8  8  8  8  8  8
171a   8  8  8  8  8  8  8  8  8  8    8  8  8  8  8  8  8  8  8  8    8  8  8  8  8  8  8  8  8  8    8  8  8  8  8  8  8  8  8  8
171b   8  8  8  8  8  8  8  8  8  8    8  8  8  8  8  8  8  8  8  8    8  8  8  8  8  8  8  8  8  8    8  8  8  8  8  8  8  8  8  8
172a   8  8  8  8  8  8  8  8  8  8    8  8  8  8  8  8  8  8  8  8    8  8  8  8  8  8  8  8  8  8    8  8  8  8  8  8  8  8  8  8
172b   8  8  8  8  8  8  8  8  8  8    8  8  8  8  8  8  8  8  8  8    8  8  8  8  8  8  8  8  8  8    8  8  8  8  8  8  8  8  8  8
173a   8  8  8  8  8  8  8  8  8  8    8  8  8  8  8  8  8  8  8  8    8  8  8  8  8  8  8  8  8  8    8  8  8  8  8  8  8  8  8  8
173b   8  8  8  8  8  8  8  8  8  8    8  8  8  8  8  8  8  8  8  8    8  8  8  8  8  8  8  8  8  8    8  8  8  8  8  8  8  8  8  8
174a   8  8  8  8  8  8  8  8  8  8    8  8  8  8  8  8  8  8  8  8    8  8  8  8  8  8  8  8  8  8    8  8  8  8  8  8  8  8  8  8
174b   8  8  8  8  8  8  8  8  8  8    8  8  8  8  8  8  8  8  8  8    8  8  8  8  8  8  8  8  8  8    8  8  8  8  8  8  8  8  8  8
175a   8  8  8  8  8  8  8  8  8  8    8  8  8  8  8  8  8  8  8  8    8  8  8  8  8  8  8  8  8  8    8  8  8  8  8  8  8  8  8  8
175b   8  8  8  8  8  8  8  8  8  8    8  8  8  8  8  8  8  8  8  8    8  8  8  8  8  8  8  8  8  8    8  8  8  8  8  8  8  8  8  8
176a   8  8  8  8  8  8  8  8  8  8    8  8  8  8  8  8  8  8  8  8    8  8  8  8  8  8  8  8  8  8    8  8  8  8  8  8  8  8  8  8
176b   8  8  8  8  8  8  8  8  8  8    8  8  8  8  8  8  8  8  8  8    8  8  8  8  8  8  8  8  8  8    8  8  8  8  8  8  8  8  8  8
177a   8  8  8  8  8  8  8  8  8  8    8  8  8  8  8  8  8  8  8  8    8  8  8  8  8  8  8  8  8  8    8  8  8  8  8  8  8  8  8  8
177b   8  8  8  8  8  8  8  8  8  8    8  8  8  8  8  8  8  8  8  8    8  8  8  8  8  8  8  8  8  8    8  8  8  8  8  8  8  8  8  8
178a   8  8  8  8  8  8  8  8  8  8    8  8  8  8  8  8  8  8  8  8    8  8  8  8  8  8  8  8  8  8    8  8  8  8  8  8  8  8  8  8
178b   8  8  8  8  8  8  8  8  8  8    8  8  8  8  8  8  8  8  8  8    8  8  8  8  8  8  8  8  8  8    8  8  8  8  8  8  8  8  8  8
179a   8  8  8  8  8  8  8  8  8  8    8  8  8  8  8  8  8  8  8  8    8  8  8  8  8  8  8  8  8  8    8  8  8  8  8  8  8  8  8  8
179b   8  8  8  8  8  8  8  8  8  8    8  8  8  8  8  8  8  8  8  8    8  8  8  8  8  8  8  8  8  8    8  8  8  8  8  8  8  8  8  8
180a   8  8  8  8  8  8  8  8  8  8    8  8  8  8  8  8  8  8  8  8    8  8  8  8  8  8  8  8  8  8    8  8  8  8  8  8  8  8  8  8
180b   8  8  8  8  8  8  8  8  8  8    8  8  8  8  8  8  8  8  8  8    8  8  8  8  8  8  8  8  8  8    8  8  8  8  8  8  8  8  8  8
181a   8  8  8  8  8  8  8  8  8  8    8  8  8  8  8  8  8  8  8  8    8  8  8  8  8  8  8  8  8  8    8  8  8  8  8  8  8  8  8  8
181b   8  8  8  8  8  8  8  8  8  8    8  8  8  8  8  8  8  8  8  8    8  8  8  8  8  8  8  8  8  8    8  8  8  8  8  8  8  8  8  8
182a   8  8  8  8  8  8  8  8  8  8    8  8  8  8  8  8  8  8  8  8    8  8  8  8  8  8  8  8  8  8    8  8  8  8  8  8  8  8  8  8
182b   8  8  8  8  8  8  8  8  8  8    8  8  8  8  8  8  8  8  8  8    8  8  8  8  8  8  8  8  8  8    8  8  8  8  8  8  8  8  8  8
183a   8  8  8  8  8  8  8  8  8  8    8  8  8  8  8  8  8  8  8  8    8  8  8  8  8  8  8  8  8  8    8  8  8  8  8  8  8  8  8  8
183b   8  8  8  8  8  8  8  8  8  8    8  8  8  8  8  8  8  8  8  8    8  8  8  8  8  8  8  8  8  8    8  8  8  8  8  8  8  8  8  8
184a   8  8  8  8  8  8  8  8  8  8    8  8  8  8  8  8  8  8  8  8    8  8  8  8  8  8  8  8  8  8    8  8  8  8  8  8  8  8  8  8
184b   8  8  8  8  8  8  8  8  8  8    8  8  8  8  8  8  8  8  8  8    8  8  8  8  8  8  8  8  8  8    8  8  8  8  8  8  8  8  8  8
185a   8  8  8  8  8  8  8  8  8  8    8  8  8  8  8  8  8  8  8  8    8  8  8  8  8  8  8  8  8  8    8  8  8  8  8  8  8  8  8  8
185b   8  8  8  8  8  8  8  8  8  8    8  8  8  8  8  8  8  8  8  8    8  8  8  8  8  8  8  8  8  8    8  8  8  8  8  8  8  8  8  8
186a   8  8  8  8  8  8  8  8  8  8    8  8  8  8  8  8  8  8  8  8    8  8  8  8  8  8  8  8  8  8    8  8  8  8  8  8  8  8  8  8
186b   8  8  8  8  8  8  8  8  8  8    8  8  8  8  8  8  8  8  8  8    8  8  8  8  8  8  8  8  8  8    8  8  8  8  8  8  8  8  8  8
187a   8  8  8  8  8  8  8  8  8  8    8  8  8  8  8  8  8  8  8  8    8  8  8  8  8  8  8  8  8  8    8  8  8  8  8  8  8  8  8  8
187b   8  8  8  8  8  8  8  8  8  8    8  8  8  8  8  8  8  8  8  8    8  8  8  8  8  8  8  8  8  8    8  8  8  8  8  8  8  8  8  8
188a   8  8  8  8  8  8  8  8  8  8    8  8  8  8  8  8  8  8  8  8    8  8  8  8  8  8  8  8  8  8    8  8  8  8  8  8  8  8  8  8
188b   8  8  8  8  8  8  8  8  8  8    8  8  8  8  8  8  8  8  8  8    8  8  8  8  8  8  8  8  8  8    8  8  8  8  8  8  8  8  8  8
189a   8  8  8  8  8  8  8  8  8  8    8  8  8  8  8  8  8  8  8  8    8  8  8  8  8  8  8  8  8  8    8  8  8  8  8  8  8  8  8  8
189b   8  8  8  8  8  8  8  8  8  8    8  8  8  8  8  8  8  8  8  8    8  8  8  8  8  8  8  8  8  8    8  8  8  8  8  8  8  8  8  8
190a   8  8  8  8  8  8  8  8  8  8    8  8  8  8  8  8  8  8  8  8    8  8  8  8  8  8  8  8  8  8    8  8  8  8  8  8  8  8  8  8
190b   8  8  8  8  8  8  8  8  8  8    8  8  8  8  8  8  8  8  8  8    8  8  8  8  8  8  8  8  8  8    8  8  8  8  8  8  8  8  8  8
191a   8  8  8  8  8  8  8  8  8  8    8  8  8  8  8  8  8  8  8  8    8  8  8  8  8  8  8  8  8  8    8  8  8  8  8  8  8  8  8  8
191b   8  8  8  8  8  8  8  8  8  8    8  8  8  8  8  8  8  8  8  8    8  8  8  8  8  8  8  8  8  8    8  8  8  8  8  8  8  8  8  8
192a   8  8  8  8  8  8  8  8  8  8    8  8  8  8  8  8  8  8  8  8    8  8  8  8  8  8  8  8  8  8    8  8  8  8  8  8  8  8  8  8
192b   8  8  8  8  8  8  8  8  8  8    8  8  8  8  8  8  8  8  8  8    8  8  8  8  8  8  8  8  8  8    8  8  8  8  8  8  8  8  8  8
193a   8  8  8  8  8  8  8  8  8  8    8  8  8  8  8  8  8  8  8  8    8  8  8  8  8  8  8  8  8  8    8  8  8  8  8  8  8  8  8  8
193b   8  8  8  8  8  8  8  8  8  8    8  8  8  8  8  8  8  8  8  8    8  8  8  8  8  8  8  8  8  8    8  8  8  8  8  8  8  8  8  8
194a   8  8  8  8  8  8  8  8  8  8    8  8  8  8  8  8  8  8  8  8    8  8  8  8  8  8  8  8  8  8    8  8  8  8  8  8  8  8  8  8
194b   8  8  8  8  8  8  8  8  8  8    8  8  8  8  8  8  8  8  8  8    8  8  8  8  8  8  8  8  8  8    8  8  8  8  8  8  8  8  8  8
195a   8  8  8  8  8  8  8  8  8  8    8  8  8  8  8  8  8  8  8  8    8  8  8  8  8  8  8  8  8  8    8  8  8  8  8  8  8  8  8  8
195b   8  8  8  8  8  8  8  8  8  8    8  8  8  8  8  8  8  8  8  8    8  8  8  8  8  8  8  8  8  8    8  8  8  8  8  8  8  8  8  8
196a   8  8  8  8  8  8  8  8  8  8    8  8  8  8  8  8  8  8  8  8    8  8  8  8  8  8  8  8  8  8    8  8  8  8  8  8  8  8  8  8
196b   8  8  8  8  8  8  8  8  8  8    8  8  8  8  8  8  8  8  8  8    8  8  8  8  8  8  8  8  8  8    8  8  8  8  8  8  8  8  8  8
197a   8  8  8  8  8  8  8  8  8  8    8  8  8  8  8  8  8  8  8  8    8  8  8  8  8  8  8  8  8  8    8  8  8  8  8  8  8  8  8  8
197b   8  8  8  8  8  8  8  8  8  8    8  8  8  8  8  8  8  8  8  8    8  8  8  8  8  8  8  8  8  8    8  8  8  8  8  8  8  8  8  8
198a   8  8  8  8  8  8  8  8  8  8    8  8  8  8  8  8  8  8  8  8    8  8  8  8  8  8  8  8  8  8    8  8  8  8  8  8  8  8  8  8
198b   8  8  8  8  8  8  8  8  8  8    8  8  8  8  8  8  8  8  8  8    8  8  8  8  8  8  8  8  8  8    8  8  8  8  8  8  8  8  8  8
199a   8  8  8  8  8  8  8  8  8  8    8  8  8  8  8  8  8  8  8  8    8  8  8  8  8  8  8  8  8  8    8  8  8  8  8  8  8  8  8  8
199b   8  8  8  8  8  8  8  8  8  8    8  8  8  8  8  8  8  8  8  8    8  8  8  8  8  8  8  8  8  8    8  8  8  8  8  8  8  8  8  8
200a   8  8  8  8  8  8  8  8  8  8    8  8  8  8  8  8  8  8  8  8    8  8  8  8  8  8  8  8  8  8    8  8  8  8  8  8  8  8  8  8
200b   8  8  8  8  8  8  8  8  8  8    8  8  8  8  8  8  8  8  8  8    8  8  8  8  8  8  8  8  8  8    8  8  8  8  8  8  8  8  8  8
201a   8  8  8  8  8  8  8  8  8  8    8  8  8  8  8  8  8  8  8  8    8  8  8  8  8  8  8  8  8  8    8  8  8  8  8  8  8  8  8  8
201b   8  8  8  8  8  8  8  8  8  8    8  8  8  8  8  8  8  8  8  8    8  8  8  8  8  8  8  8  8  8    8  8  8  8  8  8  8  8  8  8
202a   8  8  8  8  8  8  8  8  8  8    8  8  8  8  8  8  8  8  8  8    8  8  8  8  8  8  8  8  8  8    8  8  8  8  8  8  8  8  8  8
202b   8  8  8  8  8  8  8  8  8  8    8  8  8  8  8  8  8  8  8  8    8  8  8  8  8  8  8  8  8  8    8  8  8  8  8  8  8  8  8  8
203a   8  8  8  8  8  8  8  8  8  8    8  8  8  8  8  8  8  8  8  8    8  8  8  8  8  8  8  8  8  8    8  8  8  8  8  8  8  8  8  8
203b   8  8  8  8  8  8  8  8  8  8    8  8  8  8  8  8  8  8  8  8    8  8  8  8  8  8  8  8  8  8    8  8  8  8  8  8  8  8  8  8
204a   8  8  8  8  8  8  8  8  8  8    8  8  8  8  8  8  8  8  8  8    8  8  8  8  8  8  8  8  8  8    8  8  8  8  8  8  8  8  8  8
204b   8  8  8  8  8  8  8  8  8  8    8  8  8  8  8  8  8  8  8  8    8  8  8  8  8  8  8  8  8  8    8  8  8  8  8  8  8  8  8  8
205a   8  8  8  8  8  8  8  8  8  8    8  8  8  8  8  8  8  8  8  8    8  8  8  8  8  8  8  8  8  8    8  8  8  8  8  8  8  8  8  8
205b   8  8  8  8  8  8  8  8  8  8    8  8  8  8  8  8  8  8  8  8    8  8  8  8  8  8  8  8  8  8    8  8  8  8  8  8  8  8  8  8
206a   8  8  8  8  8  8  8  8  8  8    8  8  8  8  8  8  8  8  8  8    8  8  8  8  8  8  8  8  8  8    8  8  8  8  8  8  8  8  8  8
206b   8  8  8  8  8  8  8  8  8  8    8  8  8  8  8  8  8  8  8  8    8  8  8  8  8  8  8  8  8  8    8  8  8  8  8  8  8  8  8  8
207a   8  8  8  8  8  8  8  8  8  8    8  8  8  8  8  8  8  8  8  8    8  8  8  8  8  8  8  8  8  8    8  8  8  8  8  8  8  8  8  8
207b   8  8  8  8  8  8  8  8  8  8    8  8  8  8  8  8  8  8  8  8    8  8  8  8  8  8  8  8  8  8    8  8  8  8  8  8  8  8  8  8
208a   8  8  8  8  8  8  8  8  8  8    8  8  8  8  8  8  8  8  8  8    8  8  8  8  8  8  8  8  8  8    8  8  8  8  8  8  8  8  8  8
208b   8  8  8  8  8  8  8  8  8  8    8  8  8  8  8  8  8  8  8  8    8  8  8  8  8  8  8  8  8  8    8  8  8  8  8  8  8  8  8  8
209a   8  8  8  8  8  8  8  8  8  8    8  8  8  8  8  8  8  8  8  8    8  8  8  8  8  8  8  8  8  8    8  8  8  8  8  8  8  8  8  8
209b   8  8  8  8  8  8  8  8  8  8    8  8  8  8  8  8  8  8  8  8    8  8  8  8  8  8  8  8  8  8    8  8  8  8  8  8  8  8  8  8
210a   8  8  8  8  8  8  8  8  8  8    8  8  8  8  8  8  8  8  8  8    8  8  8  8  8  8  8  8  8  8    8  8  8  8  8  8  8  8  8  8
210b   8  8  8  8  8  8  8  8  8  8    8  8  8  8  8  8  8  8  8  8    8  8  8  8  8  8  8  8  8  8    8  8  8  8  8  8  8  8  8  8
211a   8  8  8  8  8  8  8  8  8  8    8  8  8  8  8  8  8  8  8  8    8  8  8  8  8  8  8  8  8  8    8  8  8  8  8  8  8  8  8  8
211b   8  8  8  8  8  8  8  8  8  8    8  8  8  8  8  8  8  8  8  8    8  8  8  8  8  8  8  8  8  8    8  8  8  8  8  8  8  8  8  8
212a   8  8  8  8  8  8  8  8  8  8    8  8  8  8  8  8  8  8  8  8    8  8  8  8  8  8  8  8  8  8    8  8  8  8  8  8  8  8  8  8
212b   8  8  8  8  8  8  8  8  8  8    8  8  8  8  8  8  8  8  8  8    8  8  8  8  8  8  8  8  8  8    8  8  8  8  8  8  8  8  8  8
213a   8  8  8  8  8  8  8  8  8  8    8  8  8  8  8  8  8  8  8  8    8  8  8  8  8  8  8  8  8  8    8  8  8  8  8  8  8  8  8  8
213b   8  8  8  8  8  8  8  8  8  8    8  8  8  8  8  8  8  8  8  8    8  8  8  8  8  8  8  8  8  8    8  8  8  8  8  8  8  8  8  8
214a   8  8  8  8  8  8  8  8  8  8    8  8  8  8  8  8  8  8  8  8    8  8  8  8  8  8  8  8  8  8    8  8  8  8  8  8  8  8  8  8
214b   8  8  8  8  8  8  8  8  8  8    8  8  8  8  8  8  8  8  8  8    8  8  8  8  8  8  8  8  8  8    8  8  8  8  8  8  8  8  8  8
215a   8  8  8  8  8  8  8  8  8  8    8  8  8  8  8  8  8  8  8  8    8  8  8  8  8  8  8  8  8  8    8  8  8  8  8  8  8  8  8  8
215b   8  8  8  8  8  8  8  8  8  8    8  8  8  8  8  8  8  8  8  8    8  8  8  8  8  8  8  8  8  8    8  8  8  8  8  8  8  8  8  8
216a   8  8  8  8  8  8  8  8  8  8    8  8  8  8  8  8  8  8  8  8    8  8  8  8  8  8  8  8  8  8    8  8  8  8  8  8  8  8  8  8
216b   8  8  8  8  8  8  8  8  8  8    8  8  8  8  8  8  8  8  8  8    8  8  8  8  8  8  8  8  8  8    8  8  8  8  8  8  8  8  8  8
217a   8  8  8  8  8  8  8  8  8  8    8  8  8  8  8  8  8  8  8  8    8  8  8  8  8  8  8  8  8  8    8  8  8  8  8  8  8  8  8  8
217b   8  8  8  8  8  8  8  8  8  8    8  8  8  8  8  8  8  8  8  8    8  8  8  8  8  8  8  8  8  8    8  8  8  8  8  8  8  8  8  8
218a   8  8  8  8  8  8  8  8  8  8    8  8  8  8  8  8  8  8  8  8    8  8  8  8  8  8  8  8  8  8    8  8  8  8  8  8  8  8  8  8
218b   8  8  8  8  8  8  8  8  8  8    8  8  8  8  8  8  8  8  8  8    8  8  8  8  8  8  8  8  8  8    8  8  8  8  8  8  8  8  8  8
219a   8  8  8  8  8  8  8  8  8  8    8  8  8  8  8  8  8  8  8  8    8  8  8  8  8  8  8  8  8  8    8  8  8  8  8  8  8  8  8  8
219b   8  8  8  8  8  8  8  8  8  8    8  8  8  8  8  8  8  8  8  8    8  8  8  8  8  8  8  8  8  8    8  8  8  8  8  8  8  8  8  8
220a   8  8  8  8  8  8  8  8  8  8    8  8  8  8  8  8  8  8  8  8    8  8  8  8  8  8  8  8  8  8    8  8  8  8  8  8  8  8  8  8
220b   8  8  8  8  8  8  8  8  8  8    8  8  8  8  8  8  8  8  8  8    8  8  8  8  8  8  8  8  8  8    8  8  8  8  8  8  8  8  8  8
221a   8  8  8  8  8  8  8  8  8  8    8  8  8  8  8  8  8  8  8  8    8  8  8  8  8  8  8  8  8  8    8  8  8  8  8  8  8  8  8  8
221b   8  8  8  8  8  8  8  8  8  8    8  8  8  8  8  8  8  8  8  8    8  8  8  8  8  8  8  8  8  8    8  8  8  8  8  8  8  8  8  8
222a   8  8  8  8  8  8  8  8  8  8    8  8  8  8  8  8  8  8  8  8    8  8  8  8  8  8  8  8  8  8    8  8  8  8  8  8  8  8  8  8
222b   8  8  8  8  8  8  8  8  8  8    8  8  8  8  8  8  8  8  8  8    8  8  8  8  8  8  8  8  8  8    8  8  8  8  8  8  8  8  8  8
223a   8  8  8  8  8  8  8  8  8  8    8  8  8  8  8  8  8  8  8  8    8  8  8  8  8  8  8  8  8  8    8  8  8  8  8  8  8  8  8  8
223b   8  8  8  8  8  8  8  8  8  8    8  8  8  8  8  8  8  8  8  8    8  8  8  8  8  8  8  8  8  8    8  8  8  8  8  8  8  8  8  8
224a   8  8  8  8  8  8  8  8  8  8    8  8  8  8  8  8  8  8  8  8    8  8  8  8  8  8  8  8  8  8    8  8  8  8  8  8  8  8  8  8
224b   8  8  8  8  8  8  8  8  8  8    8  8  8  8  8  8  8  8  8  8    8  8  8  8  8  8  8  8  8  8    8  8  8  8  8  8  8  8  8  8
225a   8  8  8  8  8  8  8  8  8  8    8  8  8  8  8  8  8  8  8  8    8  8  8  8  8  8  8  8  8  8    8  8  8  8  8  8  8  8  8  8
225b   8  8  8  8  8  8  8  8  8  8    8  8  8  8  8  8  8  8  8  8    8  8  8  8  8  8  8  8  8  8    8  8  8  8  8  8  8  8  8  8
226a   8  8  8  8  8  8  8  8  8  8    8  8  8  8  8  8  8  8  8  8    8  8  8  8  8  8  8  8  8  8    8  8  8  8  8  8  8  8  8  8
226b   8  8  8  8  8  8  8  8  8  8    8  8  8  8  8  8  8  8  8  8    8  8  8  8  8  8  8  8  8  8    8  8  8  8  8  8  8  8  8  8
227a   8  8  8  8  8  8  8  8  8  8    8  8  8  8  8  8  8  8  8  8    8  8  8  8  8  8  8  8  8  8    8  8  8  8  8  8  8  8  8  8
227b   8  8  8  8  8  8  8  8  8  8    8  8  8  8  8  8  8  8  8  8    8  8  8  8  8  8  8  8  8  8    8  8  8  8  8  8  8  8  8  8
228a   8  8  8  8  8  8  8  8  8  8    8  8  8  8  8  8  8  8  8  8    8  8  8  8  8  8  8  8  8  8    8  8  8  8  8  8  8  8  8  8
228b   8  8  8  8  8  8  8  8  8  8    8  8  8  8  8  8  8  8  8  8    8  8  8  8  8  8  8  8  8  8    8  8  8  8  8  8  8  8  8  8
229a   8  8  8  8  8  8  8  8  8  8    8  8  8  8  8  8  8  8  8  8    8  8  8  8  8  8  8  8  8  8    8  8  8  8  8  8  8  8  8  8
229b   8  8  8  8  8  8  8  8  8  8    8  8  8  8  8  8  8  8  8  8    8  8  8  8  8  8  8  8  8  8    8  8  8  8  8  8  8  8  8  8
230a   8  8  8  8  8  8  8  8  8  8    8  8  8  8  8  8  8  8  8  8    8  8  8  8  8  8  8  8  8  8    8  8  8  8  8  8  8  8  8  8
230b   8  8  8  8  8  8  8  8  8  8    8  8  8  8  8  8  8  8  8  8    8  8  8  8  8  8  8  8  8  8    8  8  8  8  8  8  8  8  8  8
231a   8  8  8  8  8  8  8  8  8  8    8  8  8  8  8  8  8  8  8  8    8  8  8  8  8  8  8  8  8  8    8  8  8  8  8  8  8  8  8  8
231b   8  8  8  8  8  8  8  8  8  8    8  8  8  8  8  8  8  8  8  8    8  8  8  8  8  8  8  8  8  8    8  8  8  8  8  8  8  8  8  8
232a   8  8  8  8  8  8  8  8  8  8    8  8  8  8  8  8  8  8  8  8    8  8  8  8  8  8  8  8  8  8    8  8  8  8  8  8  8  8  8  8
232b   8  8  8  8  8  8  8  8  8  8    8  8  8  8  8  8  8  8  8  8    8  8  8  8  8  8  8  8  8  8    8  8  8  8  8  8  8  8  8  8
233a   8  8  8  8  8  8  8  8  8  8    8  8  8  8  8  8  8  8  8  8    8  8  8  8  8  8  8  8  8  8    8  8  8  8  8  8  8  8  8  8
233b   8  8  8  8  8  8  8  8  8  8    8  8  8  8  8  8  8  8  8  8    8  8  8  8  8  8  8  8  8  8    8  8  8  8  8  8  8  8  8  8
234a   8  8  8  8  8  8  8  8  8  8    8  8  8  8  8  8  8  8  8  8    8  8  8  8  8  8  8  8  8  8    8  8  8  8  8  8  8  8  8  8
234b   8  8  8  8  8  8  8  8  8  8    8  8  8  8  8  8  8  8  8  8    8  8  8  8  8  8  8  8  8  8    8  8  8  8  8  8  8  8  8  8
235a   8  8  8  8  8  8  8  8  8  8    8  8  8  8  8  8  8  8  8  8    8  8  8  8  8  8  8  8  8  8    8  8  8  8  8  8  8  8  8  8
235b   8  8  8  8  8  8  8  8  8  8    8  8  8  8  8  8  8  8  8  8    8  8  8  8  8  8  8  8  8  8    8  8  8  8  8  8  8  8  8  8
236a   8  8  8  8  8  8  8  8  8  8    8  8  8  8  8  8  8  8  8  8    8  8  8  8  8  8  8  8  8  8    8  8  8  8  8  8  8  8  8  8
236b   8  8  8  8  8  8  8  8  8  8    8  8  8  8  8  8  8  8  8  8    8  8  8  8  8  8  8  8  8  8    8  8  8  8  8  8  8  8  8  8
237a   8  8  8  8  8  8  8  8  8  8    8  8  8  8  8  8  8  8  8  8    8  8  8  8  8  8  8  8  8  8    8  8  8  8  8  8  8  8  8  8
237b   8  8  8  8  8  8  8  8  8  8    8  8  8  8  8  8  8  8  8  8    8  8  8  8  8  8  8  8  8  8    8  8  8  8  8  8  8  8  8  8
238a   8  8  8  8  8  8  8  8  8  8    8  8  8  8  8  8  8  8  8  8    8  8  8  8  8  8  8  8  8  8    8  8  8  8  8  8  8  8  8  8
238b   8  8  8  8  8  8  8  8  8  8    8  8  8  8  8  8  8  8  8  8    8  8  8  8  8  8  8  8  8  8    8  8  8  8  8  8  8  8  8  8
239a   8  8  8  8  8  8  8  8  8  8    8  8  8  8  8  8  8  8  8  8    8  8  8  8  8  8  8  8  8  8    8  8  8  8  8  8  8  8  8  8
239b   8  8  8  8  8  8  8  8  8  8    8  8  8  8  8  8  8  8  8  8    8  8  8  8  8  8  8  8  8  8    8  8  8  8  8  8  8  8  8  8
240a   8  8  8  8  8  8  8  8  8  8    8  8  8  8  8  8  8  8  8  8    8  8  8  8  8  8  8  8  8  8    8  8  8  8  8  8  8  8  8  8
240b   8  8  8  8  8  8  8  8  8  8    8  8  8  8  8  8  8  8  8  8    8  8  8  8  8  8  8  8  8  8    8  8  8  8  8  8  8  8  8  8
241a   8  8  8  8  8  8  8  8  8  8    8  8  8  8  8  8  8  8  8  8    8  8  8  8  8  8  8  8  8  8    8  8  8  8  8  8  8  8  8  8
241b   8  8  8  8  8  8  8  8  8  8    8  8  8  8  8  8  8  8  8  8    8  8  8  8  8  8  8  8  8  8    8  8  8  8  8  8  8  8  8  8
242a   8  8  8  8  8  8  8  8  8  8    8  8  8  8  8  8  8  8  8  8    8  8  8  8  8  8  8  8  8  8    8  8  8  8  8  8  8  8  8  8
242b   8  8  8  8  8  8  8  8  8  8    8  8  8  8  8  8  8  8  8  8    8  8  8  8  8  8  8  8  8  8    8  8  8  8  8  8  8  8  8  8
243a   8  8  8  8  8  8  8  8  8  8    8  8  8  8  8  8  8  8  8  8    8  8  8  8  8  8  8  8  8  8    8  8  8  8  8  8  8  8  8  8
243b   8  8  8  8  8  8  8  8  8  8    8  8  8  8  8  8  8  8  8  8    8  8  8  8  8  8  8  8  8  8    8  8  8  8  8  8  8  8  8  8
244a   8  8  8  8  8  8  8  8  8  8    8  8  8  8  8  8  8  8  8  8    8  8  8  8  8  8  8  8  8  8    8  8  8  8  8  8  8  8  8  8
244b   8  8  8  8  8  8  8  8  8  8    8  8  8  8  8  8  8  8  8  8    8  8  8  8  8  8  8  8  8  8    8  8  8  8  8  8  8  8  8  8
245a   8  8  8  8  8  8  8  8  8  8    8  8  8  8  8  8  8  8  8  8    8  8  8  8  8  8  8  8  8  8    8  8  8  8  8  8  8  8  8  8
245b   8  8  8  8  8  8  8  8  8  8    8  8  8  8  8  8  8  8  8  8    8  8  8  8  8  8  8  8  8  8    8  8  8  8  8  8  8  8  8  8
246a   8  8  8  8  8  8  8  8  8  8    8  8  8  8  8  8  8  8  8  8    8  8  8  8  8  8  8  8  8  8    8  8  8  8  8  8  8  8  8  8
246b   8  8  8  8  8  8  8  8  8  8    8  8  8  8  8  8  8  8  8  8    8  8  8  8  8  8  8  8  8  8    8  8  8  8  8  8  8  8  8  8
247a   8  8  8  8  8  8  8  8  8  8    8  8  8  8  8  8  8  8  8  8    8  8  8  8  8  8  8  8  8  8    8  8  8  8  8  8  8  8  8  8
247b   8  8  8  8  8  8  8  8  8  8    8  8  8  8  8  8  8  8  8  8    8  8  8  8  8  8  8  8  8  8    8  8  8  8  8  8  8  8  8  8
248a   8  8  8  8  8  8  8  8  8  8    8  8  8  8  8  8  8  8  8  8    8  8  8  8  8  8  8  8  8  8    8  8  8  8  8  8  8  8  8  8
248b   8  8  8  8  8  8  8  8  8  8    8  8  8  8  8  8  8  8  8  8    8  8  8  8  8  8  8  8  8  8    8  8  8  8  8  8  8  8  8  8
249a   8  8  8  8  8  8  8  8  8  8    8  8  8  8  8  8  8  8  8  8    8  8  8  8  8  8  8  8  8  8    8  8  8  8  8  8  8  8  8  8
249b   8  8  8  8  8  8  8  8  8  8    8  8  8  8  8  8  8  8  8  8    8  8  8  8  8  8  8  8  8  8    8  8  8  8  8  8  8  8  8  8
250a   8  8  8  8  8  8  8  8  8  8    8  8  8  8  8  8  8  8  8  8    8  8  8  8  8  8  8  8  8  8    8  8  8  8  8  8  8  8  8  8
250b   8  8  8  8  8  8  8  8  8  8    8  8  8  8  8  8  8  8  8  8    8  8  8  8  8  8  8  8  8  8    8  8  8  8  8  8  8  8  8  8
251a   8  8  8  8  8  8  8  8  8  8    8  8  8  8  8  8  8  8  8  8    8  8  8  8  8  8  8  8  8  8    8  8  8  8  8  8  8  8  8  8
251b   8  8  8  8  8  8  8  8  8  8    8  8  8  8  8  8  8  8  8  8    8  8  8  8  8  8  8  8  8  8    8  8  8  8  8  8  8  8  8  8
252a   8  8  8  8  8  8  8  8  8  8    8  8  8  8  8  8  8  8  8  8    8  8  8  8  8  8  8  8  8  8    8  8  8  8  8  8  8  8  8  8
252b   8  8  8  8  8  8  8  8  8  8    8  8  8  8  8  8  8  8  8  8    8  8  8  8  8  8  8  8  8  8    8  8  8  8  8  8  8  8  8  8
253a   8  8  8  8  8  8  8  8  8  8    8  8  8  8  8  8  8  8  8  8    8  8  8  8  8  8  8  8  8  8    8  8  8  8  8  8  8  8  8  8
253b   8  8  8  8  8  8  8  8  8  8    8  8  8  8  8  8  8  8  8  8    8  8  8  8  8  8  8  8  8  8    8  8  8  8  8  8  8  8  8  8
254a   8  8  8  8  8  8  8  8  8  8    8  8  8  8  8  8  8  8  8  8    8  8  8  8  8  8  8  8  8  8    8  8  8  8  8  8  8  8  8  8
254b   8  8  8  8  8  8  8  8  8  8    8  8  8  8  8  8  8  8  8  8    8  8  8  8  8  8  8  8  8  8    8  8  8  8  8  8  8  8  8  8
255a   8  8  8  8  8  8  8  8  8  8    8  8  8  8  8  8  8  8  8  8    8  8  8  8  8  8  8  8  8  8    8  8  8  8  8  8  8  8  8  8
255b   8  8  8  8  8  8  8  8  8  8    8  8  8  8  8  8  8  8  8  8    8  8  8  8  8  8  8  8  8  8    8  8  8  8  8  8  8  8  8  8
256a   8  8  8  8  8  8  8  8  8  8    8  8  8  8  8  8  8  8  8  8    8  8  8  8  8  8  8  8  8  8    8  8  8  8  8  8  8  8  8  8
256b   8  8  8  8  8  8  8  8  8  8    8  8  8  8  8  8  8  8  8  8    8  8  8  8  8  8  8  8  8  8    8  8  8  8  8  8  8  8  8  8
257a   8  8  8  8  8  8  8  8  8  8    8  8  8  8  8  8  8  8  8  8    8  8  8  8  8  8  8  8  8  8    8  8  8  8  8  8  8  8  8  8
257b   8  8  8  8  8  8  8  8  8  8    8  8  8  8  8  8  8  8  8  8    8  8  8  8  8  8  8  8  8  8    8  8  8  8  8  8  8  8  8  8
258a   8  8  8  8  8  8  8  8  8  8    8  8  8  8  8  8  8  8  8  8    8  8  8  8  8  8  8  8  8  8    8  8  8  8  8  8  8  8  8  8
258b   8  8  8  8  8  8  8  8  8  8    8  8  8  8  8  8  8  8  8  8    8  8  8  8  8  8  8  8  8  8    8  8  8  8  8  8  8  8  8  8
259a   8  8  8  8  8  8  8  8  8  8    8  8  8  8  8  8  8  8  8  8    8  8  8  8  8  8  8  8  8  8    8  8  8  8  8  8  8  8  8  8
259b   8  8  8  8  8  8  8  8  8  8    8  8  8  8  8  8  8  8  8  8    8  8  8  8  8  8  8  8  8  8    8  8  8  8  8  8  8  8  8  8
260a   8  8  8  8  8  8  8  8  8  8    8  8  8  8  8  8  8  8  8  8    8  8  8  8  8  8  8  8  8  8    8  8  8  8  8  8  8  8  8  8
260b   8  8  8  8  8  8  8  8  8  8    8  8  8  8  8  8  8  8  8  8    8  8  8  8  8  8  8  8  8  8    8  8  8  8  8  8  8  8  8  8
261a   8  8  8  8  8  8  8  8  8  8    8  8  8  8  8  8  8  8  8  8    8  8  8  8  8  8  8  8  8  8    8  8  8  8  8  8  8  8  8  8
261b   8  8  8  8  8  8  8  8  8  8    8  8  8  8  8  8  8  8  8  8    8  8  8  8  8  8  8  8  8  8    8  8  8  8  8  8  8  8  8  8
262a   8  8  8  8  8  8  8  8  8  8    8  8  8  8  8  8  8  8  8  8    8  8  8  8  8  8  8  8  8  8    8  8  8  8  8  8  8  8  8  8
262b   8  8  8  8  8  8  8  8  8  8    8  8  8  8  8  8  8  8  8  8    8  8  8  8  8  8  8  8  8  8    8  8  8  8  8  8  8  8  8  8
263a   8  8  8  8  8  8  8  8  8  8    8  8  8  8  8  8  8  8  8  8    8  8  8  8  8  8  8  8  8  8    8  8  8  8  8  8  8  8  8  8
263b   8  8  8  8  8  8  8  8  8  8    8  8  8  8  8  8  8  8  8  8    8  8  8  8  8  8  8  8  8  8    8  8  8  8  8  8  8  8  8  8
264a   8  8  8  8  8  8  8  8  8  8    8  8  8  8  8  8  8  8  8  8    8  8  8  8  8  8  8  8  8  8    8  8  8  8  8  8  8  8  8  8
264b   8  8  8  8  8  8  8  8  8  8    8  8  8  8  8  8  8  8  8  8    8  8  8  8  8  8  8  8  8  8    8  8  8  8  8  8  8  8  8  8
265a   8  8  8  8  8  8  8  8  8  8    8  8  8  8  8  8  8  8  8  8    8  8  8  8  8  8  8  8  8  8    8  8  8  8  8  8  8  8  8  8
265b   8  8  8  8  8  8  8  8  8  8    8  8  8  8  8  8  8  8  8  8    8  8  8  8  8  8  8  8  8  8    8  8  8  8  8  8  8  8  8  8
266a   8  8  8  8  8  8  8  8  8  8    8  8  8  8  8  8  8  8  8  8    8  8  8  8  8  8  8  8  8  8    8  8  8  8  8  8  8  8  8  8
266b   8  8  8  8  8  8  8  8  8  8    8  8  8  8  8  8  8  8  8  8    8  8  8  8  8  8  8  8  8  8    8  8  8  8  8  8  8  8  8  8
267a   8  8  8  8  8  8  8  8  8  8    8  8  8  8  8  8  8  8  8  8    8  8  8  8  8  8  8  8  8  8    8  8  8  8  8  8  8  8  8  8
267b   8  8  8  8  8  8  8  8  8  8    8  8  8  8  8  8  8  8  8  8    8  8  8  8  8  8  8  8  8  8    8  8  8  8  8  8  8  8  8  8
268a   8  8  8  8  8  8  8  8  8  8    8  8  8  8  8  8  8  8  8  8    8  8  8  8  8  8  8  8  8  8    8  8  8  8  8  8  8  8  8  8
268b   8  8  8  8  8  8  8  8  8  8    8  8  8  8  8  8  8  8  8  8    8  8  8  8  8  8  8  8  8  8    8  8  8  8  8  8  8  8  8  8
269a   8  8  8  8  8  8  8  8  8  8    8  8  8  8  8  8  8  8  8  8    8  8  8  8  8  8  8  8  8  8    8  8  8  8  8  8  8  8  8  8
269b   8  8  8  8  8  8  8  8  8  8    8  8  8  8  8  8  8  8  8  8    8  8  8  8  8  8  8  8  8  8    8  8  8  8  8  8  8  8  8  8
270a   8  8  8  8  8  8  8  8  8  8    8  8  8  8  8  8  8  8  8  8    8  8  8  8  8  8  8  8  8  8    8  8  8  8  8  8  8  8  8  8
270b   8  8  8  8  8  8  8  8  8  8    8  8  8  8  8  8  8  8  8  8    8  8  8  8  8  8  8  8  8  8    8  8  8  8  8  8  8  8  8  8
271a   8  8  8  8  8  8  8  8  8  8    8  8  8  8  8  8  8  8  8  8    8  8  8  8  8  8  8  8  8  8    8  8  8  8  8  8  8  8  8  8
271b   8  8  8  8  8  8  8  8  8  8    8  8  8  8  8  8  8  8  8  8    8  8  8  8  8  8  8  8  8  8    8  8  8  8  8  8  8  8  8  8
272a   8  8  8  8  8  8  8  8  8  8    8  8  8  8  8  8  8  8  8  8    8  8  8  8  8  8  8  8  8  8    8  8  8  8  8  8  8  8  8  8
272b   8  8  8  8  8  8  8  8  8  8    8  8  8  8  8  8  8  8  8  8    8  8  8  8  8  8  8  8  8  8    8  8  8  8  8  8  8  8  8  8
273a   8  8  8  8  8  8  8  8  8  8    8  8  8  8  8  8  8  8  8  8    8  8  8  8  8  8  8  8  8  8    8  8  8  8  8  8  8  8  8  8
273b   8  8  8  8  8  8  8  8  8  8    8  8  8  8  8  8  8  8  8  8    8  8  8  8  8  8  8  8  8  8    8  8  8  8  8  8  8  8  8  8
274a   8  8  8  8  8  8  8  8  8  8    8  8  8  8  8  8  8  8  8  8    8  8  8  8  8  8  8  8  8  8    8  8  8  8  8  8  8  8  8  8
274b   8  8  8  8  8  8  8  8  8  8    8  8  8  8  8  8  8  8  8  8    8  8  8  8  8  8  8  8  8  8    8  8  8  8  8  8  8  8  8  8
275a   8  8  8  8  8  8  8  8  8  8    8  8  8  8  8  8  8  8  8  8    8  8  8  8  8  8  8  8  8  8    8  8  8  8  8  8  8  8  8  8
275b   8  8  8  8  8  8  8  8  8  8    8  8  8  8  8  8  8  8  8  8    8  8  8  8  8  8  8  8  8  8    8  8  8  8  8  8  8  8  8  8
276a   8  8  8  8  8  8  8  8  8  8    8  8  8  8  8  8  8  8  8  8    8  8  8  8  8  8  8  8  8  8    8  8  8  8  8  8  8  8  8  8
276b   8  8  8  8  8  8  8  8  8  8    8  8  8  8  8  8  8  8  8  8    8  8  8  8  8  8  8  8  8  8    8  8  8  8  8  8  8  8  8  8
277a   8  8  8  8  8  8  8  8  8  8    8  8  8  8  8  8  8  8  8  8    8  8  8  8  8  8  8  8  8  8    8  8  8  8  8  8  8  8  8  8
277b   8  8  8  8  8  8  8  8  8  8    8  8  8  8  8  8  8  8  8  8    8  8  8  8  8  8  8  8  8  8    8  8  8  8  8  8  8  8  8  8
278a   8  8  8  8  8  8  8  8  8  8    8  8  8  8  8  8  8  8  8  8    8  8  8  8  8  8  8  8  8  8    8  8  8  8  8  8  8  8  8  8
278b   8  8  8  8  8  8  8  8  8  8    8  8  8  8  8  8  8  8  8  8    8  8  8  8  8  8  8  8  8  8    8  8  8  8  8  8  8  8  8  8
279a   8  8  8  8  8  8  8  8  8  8    8  8  8  8  8  8  8  8  8  8    8  8  8  8  8  8  8  8  8  8    8  8  8  8  8  8  8  8  8  8
279b   8  8  8  8  8  8  8  8  8  8    8  8  8  8  8  8  8  8  8  8    8  8  8  8  8  8  8  8  8  8    8  8  8  8  8  8  8  8  8  8
280a   8  8  8  8  8  8  8  8  8  8    8  8  8  8  8  8  8  8  8  8    8  8  8  8  8  8  8  8  8  8    8  8  8  8  8  8  8  8  8  8
280b   8  8  8  8  8  8  8  8  8  8    8  8  8  8  8  8  8  8  8  8    8  8  8  8  8  8  8  8  8  8    8  8  8  8  8  8  8  8  8  8
281a   8  8  8  8  8  8  8  8  8  8    8  8  8  8  8  8  8  8  8  8    8  8  8  8  8  8  8  8  8  8    8  8  8  8  8  8  8  8  8  8
281b   8  8  8  8  8  8  8  8  8  8    8  8  8  8  8  8  8  8  8  8    8  8  8  8  8  8  8  8  8  8    8  8  8  8  8  8  8  8  8  8
282a   8  8  8  8  8  8  8  8  8  8    8  8  8  8  8  8  8  8  8  8    8  8  8  8  8  8  8  8  8  8    8  8  8  8  8  8  8  8  8  8
282b   8  8  8  8  8  8  8  8  8  8    8  8  8  8  8  8  8  8  8  8    8  8  8  8  8  8  8  8  8  8    8  8  8  8  8  8  8  8  8  8
283a   8  8  8  8  8  8  8  8  8  8    8  8  8  8  8  8  8  8  8  8    8  8  8  8  8  8  8  8  8  8    8  8  8  8  8  8  8  8  8  8
283b   8  8  8  8  8  8  8  8  8  8    8  8  8  8  8  8  8  8  8  8    8  8  8  8  8  8  8  8  8  8    8  8  8  8  8  8  8  8  8  8
284a   8  8  8  8  8  8  8  8  8  8    8  8  8  8  8  8  8  8  8  8    8  8  8  8  8  8  8  8  8  8    8  8  8  8  8  8  8  8  8  8
284b   8  8  8  8  8  8  8  8  8  8    8  8  8  8  8  8  8  8  8  8    8  8  8  8  8  8  8  8  8  8    8  8  8  8  8  8  8  8  8  8
285a   8  8  8  8  8  8  8  8  8  8    8  8  8  8  8  8  8  8  8  8    8  8  8  8  8  8  8  8  8  8    8  8  8  8  8  8  8  8  8  8
285b   8  8  8  8  8  8  8  8  8  8    8  8  8  8  8  8  8  8  8  8    8  8  8  8  8  8  8  8  8  8    8  8  8  8  8  8  8  8  8  8
286a   8  8  8  8  8  8  8  8  8  8    8  8  8  8  8  8  8  8  8  8    8  8  8  8  8  8  8  8  8  8    8  8  8  8  8  8  8  8  8  8
286b   8  8  8  8  8  8  8  8  8  8    8  8  8  8  8  8  8  8  8  8    8  8  8  8  8  8  8  8  8  8    8  8  8  8  8  8  8  8  8  8
287a   8  8  8  8  8  8  8  8  8  8    8  8  8  8  8  8  8  8  8  8    8  8  8  8  8  8  8  8  8  8    8  8  8  8  8  8  8  8  8  8
287b   8  8  8  8  8  8  8  8  8  8    8  8  8  8  8  8  8  8  8  8    8  8  8  8  8  8  8  8  8  8    8  8  8  8  8  8  8  8  8  8
288a   8  8  8  8  8  8  8  8  8  8    8  8  8  8  8  8  8  8  8  8    8  8  8  8  8  8  8  8  8  8    8  8  8  8  8  8  8  8  8  8
288b   8  8  8  8  8  8  8  8  8  8    8  8  8  8  8  8  8  8  8  8    8  8  8  8  8  8  8  8  8  8    8  8  8  8  8  8  8  8  8  8
289a   8  8  8  8  8  8  8  8  8  8    8  8  8  8  8  8  8  8  8  8    8  8  8  8  8  8  8  8  8  8    8  8  8  8  8  8  8  8  8  8
289b   8  8  8  8  8  8  8  8  8  8    8  8  8  8  8  8  8  8  8  8    8  8  8  8  8  8  8  8  8  8    8  8  8  8  8  8  8  8  8  8
290a   8  8  8  8  8  8  8  8  8  8    8  8  8  8  8  8  8  8  8  8    8  8  8  8  8  8  8  8  8  8    8  8  8  8  8  8  8  8  8  8
290b   8  8  8  8  8  8  8  8  8  8    8  8  8  8  8  8  8  8  8  8    8  8  8  8  8  8  8  8  8  8    8  8  8  8  8  8  8  8  8  8
291a   8  8  8  8  8  8  8  8  8  8    8  8  8  8  8  8  8  8  8  8    8  8  8  8  8  8  8  8  8  8    8  8  8  8  8  8  8  8  8  8
291b   8  8  8  8  8  8  8  8  8  8    8  8  8  8  8  8  8  8  8  8    8  8  8  8  8  8  8  8  8  8    8  8  8  8  8  8  8  8  8  8
292a   8  8  8  8  8  8  8  8  8  8    8  8  8  8  8  8  8  8  8  8    8  8  8  8  8  8  8  8  8  8    8  8  8  8  8  8  8  8  8  8
292b   8  8  8  8  8  8  8  8  8  8    8  8  8  8  8  8  8  8  8  8    8  8  8  8  8  8  8  8  8  8    8  8  8  8  8  8  8  8  8  8
293a   8  8  8  8  8  8  8  8  8  8    8  8  8  8  8  8  8  8  8  8    8  8  8  8  8  8  8  8  8  8    8  8  8  8  8  8  8  8  8  8
293b   8  8  8  8  8  8  8  8  8  8    8  8  8  8  8  8  8  8  8  8    8  8  8  8  8  8  8  8  8  8    8  8  8  8  8  8  8  8  8  8
294a   8  8  8  8  8  8  8  8  8  8    8  8  8  8  8  8  8  8  8  8    8  8  8  8  8  8  8  8  8  8    8  8  8  8  8  8  8  8  8  8
294b   8  8  8  8  8  8  8  8  8  8    8  8  8  8  8  8  8  8  8  8    8  8  8  8  8  8  8  8  8  8    8  8  8  8  8  8  8  8  8  8
295a   8  8  8  8  8  8  8  8  8  8    8  8  8  8  8  8  8  8  8  8    8  8  8  8  8  8  8  8  8  8    8  8  8  8  8  8  8  8  8  8
295b   8  8  8  8  8  8  8  8  8  8    8  8  8  8  8  8  8  8  8  8    8  8  8  8  8  8  8  8  8  8    8  8  8  8  8  8  8  8  8  8
296a   8  8  8  8  8  8  8  8  8  8    8  8  8  8  8  8  8  8  8  8    8  8  8  8  8  8  8  8  8  8    8  8  8  8  8  8  8  8  8  8
296b   8  8  8  8  8  8  8  8  8  8    8  8  8  8  8  8  8  8  8  8    8  8  8  8  8  8  8  8  8  8    8  8  8  8  8  8  8  8  8  8
297a   8  8  8  8  8  8  8  8  8  8    8  8  8  8  8  8  8  8  8  8    8  8  8  8  8  8  8  8  8  8    8  8  8  8  8  8  8  8  8  8
297b   8  8  8  8  8  8  8  8  8  8    8  8  8  8  8  8  8  8  8  8    8  8  8  8  8  8  8  8  8  8    8  8  8  8  8  8  8  8  8  8
298a   8  8  8  8  8  8  8  8  8  8    8  8  8  8  8  8  8  8  8  8    8  8  8  8  8  8  8  8  8  8    8  8  8  8  8  8  8  8  8  8
298b   8  8  8  8  8  8  8  8  8  8    8  8  8  8  8  8  8  8  8  8    8  8  8  8  8  8  8  8  8  8    8  8  8  8  8  8  8  8  8  8
299a   8  8  8  8  8  8  8  8  8  8    8  8  8  8  8  8  8  8  8  8    8  8  8  8  8  8  8  8  8  8    8  8  8  8  8  8  8  8  8  8
299b   8  8  8  8  8  8  8  8  8  8    8  8  8  8  8  8  8  8  8  8    8  8  8  8  8  8  8  8  8  8    8  8  8  8  8  8  8  8  8  8
300a   8  8  8  8  8  8  8  8  8  8    8  8  8  8  8  8  8  8  8  8    8  8  8  8  8  8  8  8  8  8    8  8  8  8  8  8  8  8  8  8
300b   8  8  8  8  8  8  8  8  8  8    8  8  8  8  8  8  8  8  8  8    8  8  8  8  8  8  8  8  8  8    8  8  8  8  8  8  8  8  8  8
301a   8  8  8  8  8  8  8  8  8  8    8  8  8  8  8  8  8  8  8  8    8  8  8  8  8  8  8  8  8  8    8  8  8  8  8  8  8  8  8  8
301b   8  8  8  8  8  8  8  8  8  8    8  8  8  8  8  8  8  8  8  8    8  8  8  8  8  8  8  8  8  8    8  8  8  8  8  8  8  8  8  8
302a   8  8  8  8  8  8  8  8  8  8    8  8  8  8  8  8  8  8  8  8    8  8  8  8  8  8  8  8  8  8    8  8  8  8  8  8  8  8  8  8
302b   8  8  8  8  8  8  8  8  8  8    8  8  8  8  8  8  8  8  8  8    8  8  8  8  8  8  8  8  8  8    8  8  8  8  8  8  8  8  8  8
303a   8  8  8  8  8  8  8  8  8  8    8  8  8  8  8  8  8  8  8  8    8  8  8  8  8  8  8  8  8  8    8  8  8  8  8  8  8  8  8  8
303b   8  8  8  8  8  8  8  8  8  8    8  8  8  8  8  8  8  8  8  8    8  8  8  8  8  8  8  8  8  8    8  8  8  8  8  8  8  8  8  8
304a   8  8  8  8  8  8  8  8  8  8    8  8  8  8  8  8  8  8  8  8    8  8  8  8  8  8  8  8  8  8    8  8  8  8  8  8  8  8  8  8
304b   8  8  8  8  8  8  8  8  8  8    8  8  8  8  8  8  8  8  8  8    8  8  8  8  8  8  8  8  8  8    8  8  8  8  8  8  8  8  8  8
305a   8  8  8  8  8  8  8  8  8  8    8  8  8  8  8  8  8  8  8  8    8  8  8  8  8  8  8  8  8  8    8  8  8  8  8  8  8  8  8  8
305b   8  8  8  8  8  8  8  8  8  8    8  8  8  8  8  8  8  8  8  8    8  8  8  8  8  8  8  8  8  8    8  8  8  8  8  8  8  8  8  8
306a   8  8  8  8  8  8  8  8  8  8    8  8  8  8  8  8  8  8  8  8    8  8  8  8  8  8  8  8  8  8    8  8  8  8  8  8  8  8  8  8
306b   8  8  8  8  8  8  8  8  8  8    8  8  8  8  8  8  8  8  8  8    8  8  8  8  8  8  8  8  8  8    8  8  8  8  8  8  8  8  8  8
307a   8  8  8  8  8  8  8  8  8  8    8  8  8  8  8  8  8  8  8  8    8  8  8  8  8  8  8  8  8  8    8  8  8  8  8  8  8  8  8  8
307b   8  8  8  8  8  8  8  8  8  8    8  8  8  8  8  8  8  8  8  8    8  8  8  8  8  8  8  8  8  8    8  8  8  8  8  8  8  8  8  8
308a   8  8  8  8  8  8  8  8  8  8    8  8  8  8  8  8  8  8  8  8    8  8  8  8  8  8  8  8  8  8    8  8  8  8  8  8  8  8  8  8
308b   8  8  8  8  8  8  8  8  8  8    8  8  8  8  8  8  8  8  8  8    8  8  8  8  8  8  8  8  8  8    8  8  8  8  8  8  8  8  8  8
309a   8  8  8  8  8  8  8  8  8  8    8  8  8  8  8  8  8  8  8  8    8  8  8  8  8  8  8  8  8  8    8  8  8  8  8  8  8  8  8  8
309b   8  8  8  8  8  8  8  8  8  8    8  8  8  8  8  8  8  8  8  8    8  8  8  8  8  8  8  8  8  8    8  8  8  8  8  8  8  8  8  8
310a   8  8  8  8  8  8  8  8  8  8    8  8  8  8  8  8  8  8  8  8    8  8  8  8  8  8  8  8  8  8    8  8  8  8  8  8  8  8  8  8
310b   8  8  8  8  8  8  8  8  8  8    8  8  8  8  8  8  8  8  8  8    8  8  8  8  8  8  8  8  8  8    8  8  8  8  8  8  8  8  8  8
311a   8  8  8  8  8  8  8  8  8  8    8  8  8  8  8  8  8  8  8  8    8  8  8  8  8  8  8  8  8  8    8  8  8  8  8  8  8  8  8  8
311b   8  8  8  8  8  8  8  8  8  8    8  8  8  8  8  8  8  8  8  8    8  8  8  8  8  8  8  8  8  8    8  8  8  8  8  8  8  8  8  8
312a   8  8  8  8  8  8  8  8  8  8    8  8  8  8  8  8  8  8  8  8    8  8  8  8  8  8  8  8  8  8    8  8  8  8  8  8  8  8  8  8
312b   8  8  8  8  8  8  8  8  8  8    8  8  8  8  8  8  8  8  8  8    8  8  8  8  8  8  8  8  8  8    8  8  8  8  8  8  8  8  8  8
313a   8  8  8  8  8  8  8  8  8  8    8  8  8  8  8  8  8  8  8  8    8  8  8  8  8  8  8  8  8  8    8  8  8  8  8  8  8  8  8  8
313b   8  8  8  8  8  8  8  8  8  8    8  8  8  8  8  8  8  8  8  8    8  8  8  8  8  8  8  8  8  8    8  8  8  8  8  8  8  8  8  8
314a   8  8  8  8  8  8  8  8  8  8    8  8  8  8  8  8  8  8  8  8    8  8  8  8  8  8  8  8  8  8    8  8  8  8  8  8  8  8  8  8
314b   8  8  8  8  8  8  8  8  8  8    8  8  8  8  8  8  8  8  8  8    8  8  8  8  8  8  8  8  8  8    8  8  8  8  8  8  8  8  8  8
315a   8  8  8  8  8  8  8  8  8  8    8  8  8  8  8  8  8  8  8  8    8  8  8  8  8  8  8  8  8  8    8  8  8  8  8  8  8  8  8  8
315b   8  8  8  8  8  8  8  8  8  8    8  8  8  8  8  8  8  8  8  8    8  8  8  8  8  8  8  8  8  8    8  8  8  8  8  8  8  8  8  8
316a   8  8  8  8  8  8  8  8  8  8    8  8  8  8  8  8  8  8  8  8    8  8  8  8  8  8  8  8  8  8    8  8  8  8  8  8  8  8  8  8
316b   8  8  8  8  8  8  8  8  8  8    8  8  8  8  8  8  8  8  8  8    8  8  8  8  8  8  8  8  8  8    8  8  8  8  8  8  8  8  8  8
317a   8  8  8  8  8  8  8  8  8  8    8  8  8  8  8  8  8  8  8  8    8  8  8  8  8  8  8  8  8  8    8  8  8  8  8  8  8  8  8  8
317b   8  8  8  8  8  8  8  8  8  8    8  8  8  8  8  8  8  8  8  8    8  8  8  8  8  8  8  8  8  8    8  8  8  8  8  8  8  8  8  8
318a   8  8  8  8  8  8  8  8  8  8    8  8  8  8  8  8  8  8  8  8    8  8  8  8  8  8  8  8  8  8    8  8  8  8  8  8  8  8  8  8
318b   8  8  8  8  8  8  8  8  8  8    8  8  8  8  8  8  8  8  8  8    8  8  8  8  8  8  8  8  8  8    8  8  8  8  8  8  8  8  8  8
319a   8  8  8  8  8  8  8  8  8  8    8  8  8  8  8  8  8  8  8  8    8  8  8  8  8  8  8  8  8  8    8  8  8  8  8  8  8  8  8  8
319b   8  8  8  8  8  8  8  8  8  8    8  8  8  8  8  8  8  8  8  8    8  8  8  8  8  8  8  8  8  8    8  8  8  8  8  8  8  8  8  8
320a   8  8  8  8  8  8  8  8  8  8    8  8  8  8  8  8  8  8  8  8    8  8  8  8  8  8  8  8  8  8    8  8  8  8  8  8  8  8  8  8
320b   8  8  8  8  8  8  8  8  8  8    8  8  8  8  8  8  8  8  8  8    8  8  8  8  8  8  8  8  8  8    8  8  8  8  8  8  8  8  8  8
321a   8  8  8  8  8  8  8  8  8  8    8  8  8  8  8  8  8  8  8  8    8  8  8  8  8  8  8  8  8  8    8  8  8  8  8  8  8  8  8  8
321b   8  8  8  8  8  8  8  8  8  8    8  8  8  8  8  8  8  8  8  8    8  8  8  8  8  8  8  8  8  8    8  8  8  8  8  8  8  8  8  8
322a   8  8  8  8  8  8  8  8  8  8    8  8  8  8  8  8  8  8  8  8    8  8  8  8  8  8  8  8  8  8    8  8  8  8  8  8  8  8  8  8
322b   8  8  8  8  8  8  8  8  8  8    8  8  8  8  8  8  8  8  8  8    8  8  8  8  8  8  8  8  8  8    8  8  8  8  8  8  8  8  8  8
323a   8  8  8  8  8  8  8  8  8  8    8  8  8  8  8  8  8  8  8  8    8  8  8  8  8  8  8  8  8  8    8  8  8  8  8  8  8  8  8  8
323b   8  8  8  8  8  8  8  8  8  8    8  8  8  8  8  8  8  8  8  8    8  8  8  8  8  8  8  8  8  8    8  8  8  8  8  8  8  8  8  8
324a   8  8  8  8  8  8  8  8  8  8    8  8  8  8  8  8  8  8  8  8    8  8  8  8  8  8  8  8  8  8    8  8  8  8  8  8  8  8  8  8
324b   8  8  8  8  8  8  8  8  8  8    8  8  8  8  8  8  8  8  8  8    8  8  8  8  8  8  8  8  8  8    8  8  8  8  8  8  8  8  8  8
325a   8  8  8  8  8  8  8  8  8  8    8  8  8  8  8  8  8  8  8  8    8  8  8  8  8  8  8  8  8  8    8  8  8  8  8  8  8  8  8  8
325b   8  8  8  8  8  8  8  8  8  8    8  8  8  8  8  8  8  8  8  8    8  8  8  8  8  8  8  8  8  8    8  8  8  8  8  8  8  8  8  8
326a   8  8  8  8  8  8  8  8  8  8    8  8  8  8  8  8  8  8  8  8    8  8  8  8  8  8  8  8  8  8    8  8  8  8  8  8  8  8  8  8
326b   8  8  8  8  8  8  8  8  8  8    8  8  8  8  8  8  8  8  8  8    8  8  8  8  8  8  8  8  8  8    8  8  8  8  8  8  8  8  8  8
327a   8  8  8  8  8  8  8  8  8  8    8  8  8  8  8  8  8  8  8  8    8  8  8  8  8  8  8  8  8  8    8  8  8  8  8  8  8  8  8  8
327b   8  8  8  8  8  8  8  8  8  8    8  8  8  8  8  8  8  8  8  8    8  8  8  8  8  8  8  8  8  8    8  8  8  8  8  8  8  8  8  8
328a   8  8  8  8  8  8  8  8  8  8    8  8  8  8  8  8  8  8  8  8    8  8  8  8  8  8  8  8  8  8    8  8  8  8  8  8  8  8  8  8
328b   8  8  8  8  8  8  8  8  8  8    8  8  8  8  8  8  8  8  8  8    8  8  8  8  8  8  8  8  8  8    8  8  8  8  8  8  8  8  8  8
329a   8  8  8  8  8  8  8  8  8  8    8  8  8  8  8  8  8  8  8  8    8  8  8  8  8  8  8  8  8  8    8  8  8  8  8  8  8  8  8  8
329b   8  8  8  8  8  8  8  8  8  8    8  8  8  8  8  8  8  8  8  8    8  8  8  8  8  8  8  8  8  8    8  8  8  8  8  8  8  8  8  8
330a   8  8  8  8  8  8  8  8  8  8    8  8  8  8  8  8  8  8  8  8    8  8  8  8  8  8  8  8  8  8    8  8  8  8  8  8  8  8  8  8
330b   8  8  8  8  8  8  8  8  8  8    8  8  8  8  8  8  8  8  8  8    8  8  8  8  8  8  8  8  8  8    8  8  8  8  8  8  8  8  8  8
331a   8  8  8  8  8  8  8  8  8  8    8  8  8  8  8  8  8  8  8  8    8  8  8  8  8  8  8  8  8  8    8  8  8  8  8  8  8  8  8  8
331b   8  8  8  8  8  8  8  8  8  8    8  8  8  8  8  8  8  8  8  8    8  8  8  8  8  8  8  8  8  8    8  8  8  8  8  8  8  8  8  8
332a   8  8  8  8  8  8  8  8  8  8    8  8  8  8  8  8  8  8  8  8    8  8  8  8  8  8  8  8  8  8    8  8  8  8  8  8  8  8  8  8
332b   8  8  8  8  8  8  8  8  8  8    8  8  8  8  8  8  8  8  8  8    8  8  8  8  8  8  8  8  8  8    8  8  8  8  8  8  8  8  8  8
333a   8  8  8  8  8  8  8  8  8  8    8  8  8  8  8  8  8  8  8  8    8  8  8  8  8  8  8  8  8  8    8  8  8  8  8  8  8  8  8  8
333b   8  8  8  8  8  8  8  8  8  8    8  8  8  8  8  8  8  8  8  8    8  8  8  8  8  8  8  8  8  8    8  8  8  8  8  8  8  8  8  8
334a   8  8  8  8  8  8  8  8  8  8    8  8  8  8  8  8  8  8  8  8    8  8  8  8  8  8  8  8  8  8    8  8  8  8  8  8  8  8  8  8
334b   8  8  8  8  8  8  8  8  8  8    8  8  8  8  8  8  8  8  8  8    8  8  8  8  8  8  8  8  8  8    8  8  8  8  8  8  8  8  8  8
335a   8  8  8  8  8  8  8  8  8  8    8  8  8  8  8  8  8  8  8  8    8  8  8  8  8  8  8  8  8  8    8  8  8  8  8  8  8  8  8  8
335b   8  8  8  8  8  8  8  8  8  8    8  8  8  8  8  8  8  8  8  8    8  8  8  8  8  8  8  8  8  8    8  8  8  8  8  8  8  8  8  8
336a   8  8  8  8  8  8  8  8  8  8    8  8  8  8  8  8  8  8  8  8    8  8  8  8  8  8  8  8  8  8    8  8  8  8  8  8  8  8  8  8
336b   8  8  8  8  8  8  8  8  8  8    8  8  8  8  8  8  8  8  8  8    8  8  8  8  8  8  8  8  8  8    8  8  8  8  8  8  8  8  8  8
